   0.0000000000000000        0.0000000000000000     
   1.7099759466766968E-002   0.0000000000000000     
   3.4199518933533936E-002   0.0000000000000000     
   5.1299278400300907E-002   0.0000000000000000     
   6.8399037867067872E-002   0.0000000000000000     
   8.5498797333834836E-002   0.0000000000000000     
  0.10259855680060181        0.0000000000000000     
  0.11969831626736878        0.0000000000000000     
  0.13679807573413574        0.0000000000000000     
  0.15389783520090272        0.0000000000000000     
  0.17099759466766967        0.0000000000000000     
  0.18809735413443665        0.0000000000000000     
  0.20519711360120363        0.0000000000000000     
  0.22229687306797058        0.0000000000000000     
  0.23939663253473756        0.0000000000000000     
  0.25649639200150454        0.0000000000000000     
  0.27359615146827149        0.0000000000000000     
  0.29069591093503844        0.0000000000000000     
  0.30779567040180544        0.0000000000000000     
  0.32489542986857239        0.0000000000000000     
  0.34199518933533934        0.0000000000000000     
  0.35909494880210635        0.0000000000000000     
  0.37619470826887330        0.0000000000000000     
  0.39329446773564025        0.0000000000000000     
  0.41039422720240726        0.0000000000000000     
  0.42749398666917421        0.0000000000000000     
  0.44459374613594116        0.0000000000000000     
  0.46169350560270811        0.0000000000000000     
  0.47879326506947512        0.0000000000000000     
  0.49589302453624207        0.0000000000000000     
  0.51299278400300907        0.0000000000000000     
  0.53009254346977597        0.0000000000000000     
  0.54719230293654297        0.0000000000000000     
  0.56429206240330998        0.0000000000000000     
  0.58139182187007687        0.0000000000000000     
  0.59849158133684388        0.0000000000000000     
  0.61559134080361089        0.0000000000000000     
  0.63269110027037778        0.0000000000000000     
  0.64979085973714479        0.0000000000000000     
  0.66689061920391179        0.0000000000000000     
  0.68399037867067869        0.0000000000000000     
  0.70109013813744570        0.0000000000000000     
  0.71818989760421270        0.0000000000000000     
  0.73528965707097960        0.0000000000000000     
  0.75238941653774660        0.0000000000000000     
  0.76948917600451361        0.0000000000000000     
  0.78658893547128050        0.0000000000000000     
  0.80368869493804751        0.0000000000000000     
  0.82078845440481452        0.0000000000000000     
  0.83788821387158141        4.9974410879386627E-004
  0.85498797333834842        1.2013139928308007E-003
  0.87208773280511531        2.5431711174386612E-002
  0.88918749227188232       0.11532519199754335     
  0.90628725173864932       0.18622122147342973     
  0.92338701120541622       0.37176200037648643     
  0.94048677067218323       0.60345452642802533     
  0.95758653013895023       0.93458796316542470     
  0.97468628960571713        1.1161153114460376     
  0.99178604907248413        1.2551341491342995     
   1.0088858085392511        1.4833156972394839     
   1.0259855680060181        1.5918227937981810     
   1.0430853274727852        1.6902346825451220     
   1.0601850869395519        1.6149779904292942     
   1.0772848464063189        1.6665386939762339     
   1.0943846058730859        1.7497213440206061     
   1.1114843653398530        1.7165159570762361     
   1.1285841248066200        1.7103700810217974     
   1.1456838842733867        1.7318253119706479     
   1.1627836437401537        1.6988390244037457     
   1.1798834032069208        1.6486797949867376     
   1.1969831626736878        1.6622199557296817     
   1.2140829221404548        1.5110859815595041     
   1.2311826816072218        1.5250995495292528     
   1.2482824410739886        1.4661772143533871     
   1.2653822005407556        1.4349741937909390     
   1.2824819600075226        1.4609689975655171     
   1.2995817194742896        1.3735384043354155     
   1.3166814789410566        1.3228417677361632     
   1.3337812384078236        1.3083245419738190     
   1.3508809978745904        1.2909691294568491     
   1.3679807573413574        1.2592917801773584     
   1.3850805168081244        1.2668678482938220     
   1.4021802762748914        1.2442004027127795     
   1.4192800357416584        1.2982836478181943     
   1.4363797952084254        1.2307827273798650     
   1.4534795546751922        1.1396359839213663     
   1.4705793141419592        1.2136154920506785     
   1.4876790736087262        1.1922838458675562     
   1.5047788330754932        1.1675399479959290     
   1.5218785925422602        1.1695797076914307     
   1.5389783520090272        1.1417955207211141     
   1.5560781114757940        1.1246895166454209     
   1.5731778709425610        1.1264192864534459     
   1.5902776304093280        1.1181909205312217     
   1.6073773898760950        1.0883281484471330     
   1.6244771493428620        1.0840919776325593     
   1.6415769088096290        1.0739676918512913     
   1.6586766682763958        1.0407779799867236     
   1.6757764277431628        1.0251124995969443     
   1.6928761872099298        1.0123219402007708     
   1.7099759466766968        1.0221019659386876     
   1.7270757061434638        1.0238489789861036     
   1.7441754656102306        1.0389012752953450     
   1.7612752250769976        1.0474155020279938     
   1.7783749845437646        1.0517575062162705     
   1.7954747440105316        1.0354701018414478     
   1.8125745034772986        1.0670824750521446     
   1.8296742629440657       0.99846016710597751     
   1.8467740224108324        1.0216556567316548     
   1.8638737818775994       0.99735048170480689     
   1.8809735413443665       0.98779367349994684     
   1.8980733008111335        1.0163317289139568     
   1.9151730602779005       0.99113114919640821     
   1.9322728197446675        1.0121484165009751     
   1.9493725792114343       0.99130640469099451     
   1.9664723386782013       0.99140522452910607     
   1.9835720981449683       0.96864791657874350     
   2.0006718576117350        1.0021969927032217     
   2.0177716170785023        1.0057983837150277     
   2.0348713765452691        1.0093621188058890     
   2.0519711360120363       0.99406743782285689     
   2.0690708954788031       0.99527264030589213     
   2.0861706549455703        1.0313628365494514     
   2.1032704144123371       0.97753126091731091     
   2.1203701738791039        1.0180117320262456     
   2.1374699333458711       0.99317955588730689     
   2.1545696928126379       0.98554075187533696     
   2.1716694522794051       0.96833171919572769     
   2.1887692117461719       0.99485358788191214     
   2.2058689712129387        1.0068688505028616     
   2.2229687306797059        1.0031850832302109     
   2.2400684901464727        1.0197878965373244     
   2.2571682496132399       0.99863195470261357     
   2.2742680090800067        1.0033178702042385     
   2.2913677685467735        1.0143517737945951     
   2.3084675280135407       0.99807331154780909     
   2.3255672874803075       0.98492327029791304     
   2.3426670469470747       0.99380735925820363     
   2.3597668064138415       0.97803852436578120     
   2.3768665658806087        1.0018066594591328     
   2.3939663253473755       0.98075858762055168     
   2.4110660848141423       0.99418749608314039     
   2.4281658442809095       0.98412406519513651     
   2.4452656037476763       0.98214756132680658     
   2.4623653632144435       0.96697791621995577     
   2.4794651226812103       0.99913176755595046     
   2.4965648821479771       0.98346268606993903     
   2.5136646416147443       0.96656316576946355     
   2.5307644010815111       0.97620048198358345     
   2.5478641605482784       0.98417483828063046     
   2.5649639200150451       0.96039725389739106     
   2.5820636794818124       0.97239491187535632     
   2.5991634389485792       0.99638630384713267     
   2.6162631984153459       0.98136746033289302     
   2.6333629578821132       0.98480944601699572     
   2.6504627173488799       0.99669576976918184     
   2.6675624768156472        1.0033208135071041     
   2.6846622362824140       0.99397282750755378     
   2.7017619957491807       0.98888771137172948     
   2.7188617552159480       0.97826099147928391     
   2.7359615146827148       0.96222578202644982     
   2.7530612741494820       0.96103788289460390     
   2.7701610336162488        1.0147068860423130     
   2.7872607930830156       0.98333247383625100     
   2.8043605525497828       0.98537489988135341     
   2.8214603120165496        1.0075261437277852     
   2.8385600714833168       0.99169334887552962     
   2.8556598309500836        1.0324780378256013     
   2.8727595904168508        1.0101282863327192     
   2.8898593498836176        1.0073236752766264     
   2.9069591093503844        1.0232786328203554     
   2.9240588688171516        1.0205506887794287     
   2.9411586282839184        1.0065128549064639     
   2.9582583877506856        1.0188257587371712     
   2.9753581472174524        1.0257037445164625     
   2.9924579066842192       0.99263503059658620     
   3.0095576661509864        1.0004542296806804     
   3.0266574256177532       0.96599570850151184     
   3.0437571850845204       0.99382983220229804     
   3.0608569445512872       0.97451602630356748     
   3.0779567040180544       0.98874238679323578     
   3.0950564634848212       0.96875262700070497     
   3.1121562229515880       0.98621324308500391     
   3.1292559824183552       0.98863731423863177     
   3.1463557418851220       0.98387754262111016     
   3.1634555013518892       0.98561182842170425     
   3.1805552608186560       0.98531372073199608     
   3.1976550202854228        1.0017532003901881     
   3.2147547797521900       0.99206032538662081     
   3.2318545392189568        1.0143514518039642     
   3.2489542986857241       0.99047456534712963     
   3.2660540581524908        1.0115263734259623     
   3.2831538176192581        1.0148672911921204     
   3.3002535770860248       0.99014012382281436     
   3.3173533365527916       0.98950714515718041     
   3.3344530960195589        1.0039698786815181     
   3.3515528554863256       0.99240751290096818     
   3.3686526149530929        1.0014693657986338     
   3.3857523744198597       0.99352022004284501     
   3.4028521338866264       0.98352356444572109     
   3.4199518933533937       0.99553917364314892     
   3.4370516528201605       0.99614308971003640     
   3.4541514122869277        1.0114596587714626     
   3.4712511717536945       0.99798043917144730     
   3.4883509312204612        1.0095532385264143     
   3.5054506906872285       0.99524118567817377     
   3.5225504501539953        1.0027662579033072     
   3.5396502096207625        1.0168446220549516     
   3.5567499690875293        1.0303332680035342     
   3.5738497285542965        1.0044884312515210     
   3.5909494880210633        1.0063947536395037     
   3.6080492474878301        1.0390419203672725     
   3.6251490069545973        1.0263115633628876     
   3.6422487664213641        1.0362657739736552     
   3.6593485258881313        1.0206468051452531     
   3.6764482853548981        1.0197100416563056     
   3.6935480448216649        1.0266547110978501     
   3.7106478042884321        1.0141021485146398     
   3.7277475637551989        1.0248551121721494     
   3.7448473232219661        1.0213605680638886     
   3.7619470826887329        1.0281353126080544     
   3.7790468421555001        1.0127615030850359     
   3.7961466016222669        1.0187854243167815     
   3.8132463610890337        1.0348024774950069     
   3.8303461205558009        1.0050173003687963     
   3.8474458800225677        1.0088201896432707     
   3.8645456394893349        1.0010052083727909     
   3.8816453989561017        1.0072995504222251     
   3.8987451584228685        1.0180440265149255     
   3.9158449178896357        1.0237068741465725     
   3.9329446773564025        1.0013263298640891     
   3.9500444368231697        1.0131258583276026     
   3.9671441962899365       0.99025410795508151     
   3.9842439557567033        1.0139035106049024     
   4.0013437152234701        1.0128373198307883     
   4.0184434746902378        1.0071955263696912     
   4.0355432341570046        1.0003021168988921     
   4.0526429936237713       0.99520273475223942     
   4.0697427530905381        1.0022075061494546     
   4.0868425125573049       0.99975179998168451     
   4.1039422720240726       0.99330322909612434     
   4.1210420314908394       0.99468576618757598     
   4.1381417909576061        1.0001929942496031     
   4.1552415504243729        1.0129963754445901     
   4.1723413098911406        1.0105654263071664     
   4.1894410693579074       0.99784158176303506     
   4.2065408288246742        1.0042964662798217     
   4.2236405882914410       0.99435171126449096     
   4.2407403477582077       0.99965386280626634     
   4.2578401072249754       0.99130262910466227     
   4.2749398666917422        1.0065871677579461     
   4.2920396261585090        1.0020783410676608     
   4.3091393856252758        1.0043623239853019     
   4.3262391450920425        1.0250468106446504     
   4.3433389045588102        1.0081944343486382     
   4.3604386640255770        1.0099570017618924     
   4.3775384234923438        1.0240982100471121     
   4.3946381829591106        1.0141111791324056     
   4.4117379424258774        1.0185841711926955     
   4.4288377018926450       0.99269245033998155     
   4.4459374613594118       0.97885229402038287     
   4.4630372208261786       0.99018235803398391     
   4.4801369802929454       0.97253003186261888     
   4.4972367397597122       0.97157550983514351     
   4.5143364992264798       0.98830874636810451     
   4.5314362586932466       0.99134985919857943     
   4.5485360181600134       0.98540338445345543     
   4.5656357776267802       0.98095866186413294     
   4.5827355370935470       0.98004469564983998     
   4.5998352965603146       0.98944654964117507     
   4.6169350560270814       0.98526621781002888     
   4.6340348154938482       0.97561093607642946     
   4.6511345749606150       0.98494032089064454     
   4.6682343344273827       0.97085911515528189     
   4.6853340938941495       0.98343692430854790     
   4.7024338533609162       0.98047899707796826     
   4.7195336128276830       0.99259928812846543     
   4.7366333722944498       0.98813770002464940     
   4.7537331317612175        1.0047604698505890     
   4.7708328912279843        1.0017074349171480     
   4.7879326506947510        1.0024198603566281     
   4.8050324101615178        1.0016997301813486     
   4.8221321696282846        1.0055714373512255     
   4.8392319290950523        1.0051912731707773     
   4.8563316885618191        1.0140562168595946     
   4.8734314480285859        1.0140856113556713     
   4.8905312074953526        1.0210288072036358     
   4.9076309669621194        1.0214584724238469     
   4.9247307264288871        1.0226105986210419     
   4.9418304858956539        1.0173946877132567     
   4.9589302453624207        1.0197332402448558     
   4.9760300048291874        1.0245708823706499     
   4.9931297642959542        1.0185997318550233     
   5.0102295237627219        1.0262054444745405     
   5.0273292832294887        1.0238401498867493     
   5.0444290426962555        1.0158075713443193     
   5.0615288021630223        1.0228503451293665     
   5.0786285616297890        1.0337668987358446     
   5.0957283210965567        1.0186128577181666     
   5.1128280805633235        1.0474335651125806     
   5.1299278400300903        1.0357930006284661     
   5.1470275994968571        1.0345273685717196     
   5.1641273589636247        1.0374206919760420     
   5.1812271184303915        1.0401300431931142     
   5.1983268778971583        1.0352709763302610     
   5.2154266373639251        1.0243207991392156     
   5.2325263968306919        1.0327859597270761     
   5.2496261562974595        1.0399013740778356     
   5.2667259157642263        1.0314693267961623     
   5.2838256752309931        1.0304478619671269     
   5.3009254346977599        1.0135577901541653     
   5.3180251941645267        1.0085300670790613     
   5.3351249536312944        1.0109439445383190     
   5.3522247130980611        1.0080752435198310     
   5.3693244725648279        1.0058243306290118     
   5.3864242320315947       0.99783716227705188     
   5.4035239914983615        1.0020932584557813     
   5.4206237509651292       0.99079127395687649     
   5.4377235104318959       0.98446775198821324     
   5.4548232698986627       0.98412216750953063     
   5.4719230293654295       0.98072851268126926     
   5.4890227888321963       0.98644444692623223     
   5.5061225482989640       0.98062932052620155     
   5.5232223077657308       0.97801396718995048     
   5.5403220672324975       0.98529430711873833     
   5.5574218266992643       0.97086912554474991     
   5.5745215861660311       0.97855510700237458     
   5.5916213456327988       0.97366941999500034     
   5.6087211050995656       0.98977915575966879     
   5.6258208645663323       0.98249763847335092     
   5.6429206240330991       0.98565430831386391     
   5.6600203834998668       0.99204658393267253     
   5.6771201429666336       0.97732276002172491     
   5.6942199024334004       0.98698512084492362     
   5.7113196619001672       0.98913253079416064     
   5.7284194213669339       0.99542415579967891     
   5.7455191808337016       0.98496332505254780     
   5.7626189403004684       0.98112670426196980     
   5.7797186997672352       0.98935996302956764     
   5.7968184592340020       0.98748722390075205     
   5.8139182187007687       0.98431892265761145     
   5.8310179781675364       0.98501145286804237     
   5.8481177376343032       0.98993510331965395     
   5.8652174971010700       0.99152576698515571     
   5.8823172565678368       0.98763085986607368     
   5.8994170160346036       0.98551588083673236     
   5.9165167755013712       0.99543562544509190     
   5.9336165349681380       0.98373909657740588     
   5.9507162944349048       0.98525458754458073     
   5.9678160539016716       0.98911774663051788     
   5.9849158133684384       0.99411250708315491     
   6.0020155728352060       0.99573195157489736     
   6.0191153323019728       0.99099879109453337     
   6.0362150917687396       0.99051193132478410     
   6.0533148512355064       0.98976778270089161     
   6.0704146107022732       0.99612140174538688     
   6.0875143701690408       0.99074097846882636     
   6.1046141296358076       0.98367454331937976     
   6.1217138891025744       0.98973788741959745     
   6.1388136485693412       0.99198246306745574     
   6.1559134080361089        1.0053783871974271     
   6.1730131675028757        1.0042958309864245     
   6.1901129269696424        1.0019174241330020     
   6.2072126864364092       0.99275820044503738     
   6.2243124459031760        1.0006184049549374     
   6.2414122053699437        1.0030408911364754     
   6.2585119648367105       0.99717908994498494     
   6.2756117243034772        1.0076268847525232     
   6.2927114837702440       0.99604715489340756     
   6.3098112432370108       0.99793827800101587     
   6.3269110027037785        1.0012260238122344     
   6.3440107621705453       0.99507219217637011     
   6.3611105216373121        1.0051910544940725     
   6.3782102811040788        1.0070136558999994     
   6.3953100405708456        1.0110623813374107     
   6.4124098000376133        1.0129185474565747     
   6.4295095595043801        1.0008738908888146     
   6.4466093189711469       0.99711352523705121     
   6.4637090784379136       0.99200716414089352     
   6.4808088379046804       0.99986357248251811     
   6.4979085973714481       0.99678729689668166     
   6.5150083568382149       0.99595956663015117     
   6.5321081163049817        1.0014573430516462     
   6.5492078757717485        1.0079535157581456     
   6.5663076352385161        1.0064101663101854     
   6.5834073947052829       0.99597050958711708     
   6.6005071541720497        1.0001606260157596     
   6.6176069136388165       0.98827567014103967     
   6.6347066731055833       0.99407845694775876     
   6.6518064325723509       0.98825816385643850     
   6.6689061920391177       0.98873743789961310     
   6.6860059515058845       0.98396217031032851     
   6.7031057109726513       0.98086470487573441     
   6.7202054704394181       0.97394514769559326     
   6.7373052299061857       0.98745296239114422     
   6.7544049893729525       0.97574151526715991     
   6.7715047488397193       0.98493805682973246     
   6.7886045083064861       0.98169848875158794     
   6.8057042677732529       0.99299291147377822     
   6.8228040272400206       0.98113938380503951     
   6.8399037867067873       0.98356352492281085     
   6.8570035461735541       0.98865382897769405     
   6.8741033056403209       0.98708646300520264     
   6.8912030651070877       0.99304711088927278     
   6.9083028245738554       0.99464292415602729     
   6.9254025840406221       0.99171435570919453     
   6.9425023435073889       0.99132381928701785     
   6.9596021029741557       0.99347619464590353     
   6.9767018624409225       0.99604797195464845     
   6.9938016219076902       0.99499786852189209     
   7.0109013813744570       0.99658430498035677     
   7.0280011408412237       0.99669431732650138     
   7.0451009003079905       0.99661271194362067     
   7.0622006597747582        1.0020431002125658     
   7.0793004192415250        1.0125737735491727     
   7.0964001787082918        1.0124818913904519     
   7.1134999381750585        1.0160206065891018     
   7.1305996976418253        1.0087221586150199     
   7.1476994571085930        1.0066491010077072     
   7.1647992165753598        1.0104083627526295     
   7.1818989760421266        1.0134893651845418     
   7.1989987355088934        1.0280929502104590     
   7.2160984949756601        1.0213283425124473     
   7.2331982544424278        1.0179472619099130     
   7.2502980139091946        1.0189969284007672     
   7.2673977733759614        1.0232521018643208     
   7.2844975328427282        1.0231744161169838     
   7.3015972923094949        1.0146421792480238     
   7.3186970517762626        1.0191015897258402     
   7.3357968112430294        1.0125158023855492     
   7.3528965707097962        1.0037382617504045     
   7.3699963301765630        1.0012312938951993     
   7.3870960896433298        1.0162956888016628     
   7.4041958491100974        1.0124669419173911     
   7.4212956085768642        1.0095328417725440     
   7.4383953680436310        1.0109930697377962     
   7.4554951275103978       0.99913535352557092     
   7.4725948869771646        1.0081020059648931     
   7.4896946464439322        1.0043313128860576     
   7.5067944059106990        1.0027355468587897     
   7.5238941653774658       0.99960081377680277     
   7.5409939248442326        1.0003765575988004     
   7.5580936843110003        1.0070738251297611     
   7.5751934437777670        1.0017671342251535     
   7.5922932032445338       0.99730381005313218     
   7.6093929627113006        1.0031374591365614     
   7.6264927221780674        1.0105924491831710     
   7.6435924816448351        1.0080867914182532     
   7.6606922411116019        1.0082805697616333     
   7.6777920005783686        1.0086165534385327     
   7.6948917600451354        1.0217690701922471     
   7.7119915195119022        1.0137317537050377     
   7.7290912789786699        1.0228035898664736     
   7.7461910384454367        1.0151025047809634     
   7.7632907979122034        1.0197140368670556     
   7.7803905573789702        1.0088785957797186     
   7.7974903168457370        1.0163591931476423     
   7.8145900763125047        1.0100936229779436     
   7.8316898357792715        1.0106969867964384     
   7.8487895952460383        1.0121480451740206     
   7.8658893547128050        1.0053728065963230     
   7.8829891141795718        1.0123179137744969     
   7.9000888736463395        1.0060293529267326     
   7.9171886331131063        1.0022605709249746     
   7.9342883925798731        1.0053347195892006     
   7.9513881520466398        1.0023410892962592     
   7.9684879115134066        1.0065978374193261     
   7.9855876709801743        1.0013501227451791     
   8.0026874304469402       0.99699944483010261     
   8.0197871899137088       0.99561005570797056     
   8.0368869493804755       0.99434099795936426     
   8.0539867088472423       0.99454661008090783     
   8.0710864683140091       0.99740488030628494     
   8.0881862277807759        1.0009887835249256     
   8.1052859872475427        1.0024001654124925     
   8.1223857467143095       0.99765835857302554     
   8.1394855061810762       0.99529795807830224     
   8.1565852656478430       0.99086112432882711     
   8.1736850251146098       0.99200420684352153     
   8.1907847845813784       0.99547254058048462     
   8.2078845440481452       0.98988516233513046     
   8.2249843035149119       0.99994075991704334     
   8.2420840629816787       0.99182340691807891     
   8.2591838224484455       0.98935139940179029     
   8.2762835819152123       0.98838639066659451     
   8.2933833413819791       0.98575162450388865     
   8.3104831008487459       0.98630494116600254     
   8.3275828603155126       0.98601495838623066     
   8.3446826197822812       0.99071109629663356     
   8.3617823792490480        1.0035029528552442     
   8.3788821387158148       0.99793059545914664     
   8.3959818981825816        1.0027885911566023     
   8.4130816576493483        1.0011804940796993     
   8.4301814171161151       0.99928270688249698     
   8.4472811765828819        1.0077015404882985     
   8.4643809360496487        1.0071233575564420     
   8.4814806955164155        1.0071029626017123     
   8.4985804549831823        1.0100595761616693     
   8.5156802144499508        1.0069796972545360     
   8.5327799739167176        0.0000000000000000     
