   0.0000000000000000        0.0000000000000000     
   1.3572088082974531E-002   0.0000000000000000     
   2.7144176165949063E-002   0.0000000000000000     
   4.0716264248923592E-002   0.0000000000000000     
   5.4288352331898125E-002   0.0000000000000000     
   6.7860440414872658E-002   0.0000000000000000     
   8.1432528497847184E-002   0.0000000000000000     
   9.5004616580821724E-002   0.0000000000000000     
  0.10857670466379625        0.0000000000000000     
  0.12214879274677078        0.0000000000000000     
  0.13572088082974532        0.0000000000000000     
  0.14929296891271984        0.0000000000000000     
  0.16286505699569437        0.0000000000000000     
  0.17643714507866889        0.0000000000000000     
  0.19000923316164345        0.0000000000000000     
  0.20358132124461797        0.0000000000000000     
  0.21715340932759250        0.0000000000000000     
  0.23072549741056703        0.0000000000000000     
  0.24429758549354155        0.0000000000000000     
  0.25786967357651608        0.0000000000000000     
  0.27144176165949063        0.0000000000000000     
  0.28501384974246513        0.0000000000000000     
  0.29858593782543968        0.0000000000000000     
  0.31215802590841424        0.0000000000000000     
  0.32573011399138874        0.0000000000000000     
  0.33930220207436329        0.0000000000000000     
  0.35287429015733779        0.0000000000000000     
  0.36644637824031234        0.0000000000000000     
  0.38001846632328690        0.0000000000000000     
  0.39359055440626139        0.0000000000000000     
  0.40716264248923595        0.0000000000000000     
  0.42073473057221045        0.0000000000000000     
  0.43430681865518500        0.0000000000000000     
  0.44787890673815955        0.0000000000000000     
  0.46145099482113405        0.0000000000000000     
  0.47502308290410861        0.0000000000000000     
  0.48859517098708311        0.0000000000000000     
  0.50216725907005766        0.0000000000000000     
  0.51573934715303216        0.0000000000000000     
  0.52931143523600677        0.0000000000000000     
  0.54288352331898126        0.0000000000000000     
  0.55645561140195576        0.0000000000000000     
  0.57002769948493026        0.0000000000000000     
  0.58359978756790487        0.0000000000000000     
  0.59717187565087937        0.0000000000000000     
  0.61074396373385387        0.0000000000000000     
  0.62431605181682848        0.0000000000000000     
  0.63788813989980298        0.0000000000000000     
  0.65146022798277747        0.0000000000000000     
  0.66503231606575208        0.0000000000000000     
  0.67860440414872658        0.0000000000000000     
  0.69217649223170108        0.0000000000000000     
  0.70574858031467558        0.0000000000000000     
  0.71932066839765019        0.0000000000000000     
  0.73289275648062469        0.0000000000000000     
  0.74646484456359918        0.0000000000000000     
  0.76003693264657379        0.0000000000000000     
  0.77360902072954829        0.0000000000000000     
  0.78718110881252279        0.0000000000000000     
  0.80075319689549740        0.0000000000000000     
  0.81432528497847190        0.0000000000000000     
  0.82789737306144640        0.0000000000000000     
  0.84146946114442089        1.1073660273940632E-003
  0.85504154922739550        5.9797917577810071E-003
  0.86861363731037000        1.9626030855710509E-002
  0.88218572539334450        4.8033290716143512E-002
  0.89575781347631911       0.11340158162936617     
  0.90932990155929361       0.20935408846664180     
  0.92290198964226811       0.33252798886467372     
  0.93647407772524260       0.48268899757958822     
  0.95004616580821721       0.66443122037072222     
  0.96361825389119171       0.83324071386017917     
  0.97719034197416621        1.0418003128362923     
  0.99076243005714082        1.1757260731276422     
   1.0043345181401153        1.3068261020682292     
   1.0179066062230899        1.4388892180369925     
   1.0314786943060643        1.5191394872456303     
   1.0450507823890389        1.5795394174333834     
   1.0586228704720135        1.6246302756561528     
   1.0721949585549879        1.6308811834748282     
   1.0857670466379625        1.6652445030856411     
   1.0993391347209371        1.6328052069938406     
   1.1129112228039115        1.6330882738984680     
   1.1264833108868861        1.6182494146595379     
   1.1400553989698605        1.5801811261670484     
   1.1536274870528351        1.5470111233357435     
   1.1671995751358097        1.5295996321385550     
   1.1807716632187841        1.5106209616160313     
   1.1943437513017587        1.4758584925610516     
   1.2079158393847333        1.4257437042039325     
   1.2214879274677077        1.4180649234893834     
   1.2350600155506823        1.3994239303077545     
   1.2486321036336570        1.3687015266745515     
   1.2622041917166313        1.3424593207028810     
   1.2757762797996060        1.3238646861399692     
   1.2893483678825806        1.3062964952401612     
   1.3029204559655549        1.2653455563817577     
   1.3164925440485296        1.2599681085797179     
   1.3300646321315042        1.2201435930672384     
   1.3436367202144786        1.2138562486748603     
   1.3572088082974532        1.1836164873745958     
   1.3707808963804275        1.1797597031247504     
   1.3843529844634022        1.1778548942890692     
   1.3979250725463768        1.1346250198698338     
   1.4114971606293512        1.1411283188350509     
   1.4250692487123258        1.1190683212520909     
   1.4386413367953004        1.0976278473641758     
   1.4522134248782748        1.1043647093113380     
   1.4657855129612494        1.0802426468619655     
   1.4793576010442240        1.0657946049127296     
   1.4929296891271984        1.0540490034749952     
   1.5065017772101730        1.0474900705397292     
   1.5200738652931476        1.0433249299684793     
   1.5336459533761220        1.0378798096846777     
   1.5472180414590966        1.0297404582485878     
   1.5607901295420712        1.0336173514040277     
   1.5743622176250456        1.0271413799498634     
   1.5879343057080202        1.0175560060492119     
   1.6015063937909948        1.0110498016481486     
   1.6150784818739692        1.0128775816852795     
   1.6286505699569438       0.99199551456261581     
   1.6422226580399182        1.0000956655414444     
   1.6557947461228928       0.99425385608473649     
   1.6693668342058674       0.99744143818958142     
   1.6829389222888418       0.98999296231156697     
   1.6965110103718164       0.98129908679229150     
   1.7100830984547910       0.99680910000938572     
   1.7236551865377654       0.97884396236098847     
   1.7372272746207400       0.98965038089096236     
   1.7507993627037146       0.98311903398105316     
   1.7643714507866890       0.97870003248498105     
   1.7779435388696636       0.99221470207767770     
   1.7915156269526382       0.98370518265947837     
   1.8050877150356126       0.99610722705449262     
   1.8186598031185872       0.98559329052925582     
   1.8322318912015618       0.97969583939892846     
   1.8458039792845362       0.98736097798472022     
   1.8593760673675108       0.99254186405663813     
   1.8729481554504852       0.99622764079376802     
   1.8865202435334598       0.99919126925325219     
   1.9000923316164344       0.99977362002546100     
   1.9136644196994088       0.99442974891170854     
   1.9272365077823834        1.0018998758488546     
   1.9408085958653580       0.99425190117961726     
   1.9543806839483324        1.0054907789428833     
   1.9679527720313070        1.0002220664862216     
   1.9815248601142816        1.0042684355888414     
   1.9950969481972560        1.0074790837380354     
   2.0086690362802306        1.0109423612417943     
   2.0222411243632052        1.0072687402958076     
   2.0358132124461799        1.0103016188980625     
   2.0493853005291540        1.0089719633281735     
   2.0629573886121286        1.0207213390200092     
   2.0765294766951032        1.0207789893046715     
   2.0901015647780778        1.0198010283016341     
   2.1036736528610525        1.0250153570597187     
   2.1172457409440271        1.0203980376662434     
   2.1308178290270012        1.0251847642639331     
   2.1443899171099758        1.0087343661398531     
   2.1579620051929504        1.0236655076656120     
   2.1715340932759251        1.0291749156165104     
   2.1851061813588997        1.0261616143230488     
   2.1986782694418743        1.0240515770179495     
   2.2122503575248484        1.0221290067795881     
   2.2258224456078231        1.0189203781790763     
   2.2393945336907977        1.0279562712454380     
   2.2529666217737723        1.0213346935714911     
   2.2665387098567469        1.0345685422519457     
   2.2801107979397210        1.0374064220877000     
   2.2936828860226957        1.0184049373592730     
   2.3072549741056703        1.0269932778140145     
   2.3208270621886449        1.0209516028440642     
   2.3343991502716195        1.0248131599818706     
   2.3479712383545941        1.0272624737687575     
   2.3615433264375683        1.0202490638262425     
   2.3751154145205429        1.0214983815173870     
   2.3886875026035175        1.0211768597628728     
   2.4022595906864921        1.0115890350859531     
   2.4158316787694667        1.0247601078628135     
   2.4294037668524413        1.0124187912771738     
   2.4429758549354155        1.0133571988059298     
   2.4565479430183901        1.0121649958334571     
   2.4701200311013647        1.0171332755750118     
   2.4836921191843393        1.0081799428915081     
   2.4972642072673139        1.0013806671111307     
   2.5108362953502881        1.0019313566705907     
   2.5244083834332627        1.0024496513273486     
   2.5379804715162373        1.0081427225044166     
   2.5515525595992119        1.0148680324207091     
   2.5651246476821865        1.0013585195642190     
   2.5786967357651611        1.0049129451141643     
   2.5922688238481353        1.0051378159140041     
   2.6058409119311099       0.99903484941256204     
   2.6194130000140845       0.99920915230885099     
   2.6329850880970591        1.0069716188036411     
   2.6465571761800337        1.0053558323280669     
   2.6601292642630083        1.0019058024122973     
   2.6737013523459825        1.0012100779672495     
   2.6872734404289571       0.99961244209662081     
   2.7008455285119317       0.99712405322763464     
   2.7144176165949063        1.0055232914720706     
   2.7279897046778809        1.0010613474829726     
   2.7415617927608551        1.0001349286156052     
   2.7551338808438297       0.99933124408167373     
   2.7687059689268043       0.99728738715304255     
   2.7822780570097789       0.99888620127384653     
   2.7958501450927535       0.99855602302876212     
   2.8094222331757281       0.99956552716095659     
   2.8229943212587023        1.0008591128909958     
   2.8365664093416769       0.99841205621801443     
   2.8501384974246515       0.99876143600898826     
   2.8637105855076261        1.0042020371185705     
   2.8772826735906007       0.99915529145403970     
   2.8908547616735754        1.0013958890897554     
   2.9044268497565495       0.99717854931450423     
   2.9179989378395241        1.0008351259439658     
   2.9315710259224987        1.0083468529772723     
   2.9451431140054734       0.99988649823251585     
   2.9587152020884480       0.99684724956863191     
   2.9722872901714226        1.0015364003500258     
   2.9858593782543967        1.0017968515457241     
   2.9994314663373713       0.99890685362182141     
   3.0130035544203460        1.0044182984665775     
   3.0265756425033206        1.0023880278544421     
   3.0401477305862952        1.0015082865497942     
   3.0537198186692693        1.0047455067750448     
   3.0672919067522439        1.0053729380374534     
   3.0808639948352186        1.0010395543292672     
   3.0944360829181932        1.0040584604101086     
   3.1080081710011678        1.0050784167265590     
   3.1215802590841424        1.0051149038183731     
   3.1351523471671165        1.0027534641260254     
   3.1487244352500912       0.99937764594587031     
   3.1622965233330658        1.0079245615862136     
   3.1758686114160404        1.0073996578497928     
   3.1894406994990150        1.0083986214645035     
   3.2030127875819896       0.99948368507644203     
   3.2165848756649638        1.0040162991380261     
   3.2301569637479384        1.0075266112147379     
   3.2437290518309130        1.0065214919634855     
   3.2573011399138876        1.0028625188586535     
   3.2708732279968622        1.0048701894146299     
   3.2844453160798364       0.99989341518890118     
   3.2980174041628110       0.99968070657555463     
   3.3115894922457856        1.0031743952752745     
   3.3251615803287602       0.99873644095562186     
   3.3387336684117348        1.0003875822799726     
   3.3523057564947094       0.99862263465959111     
   3.3658778445776836        1.0103904202300629     
   3.3794499326606582        1.0027563334202436     
   3.3930220207436328        1.0015448121472617     
   3.4065941088266074        1.0032925370114087     
   3.4201661969095820        1.0020135656667091     
   3.4337382849925566        1.0029297575814484     
   3.4473103730755308       0.99852425260169519     
   3.4608824611585054        1.0029216420876070     
   3.4744545492414800        1.0003613688816444     
   3.4880266373244546        1.0042542654845261     
   3.5015987254074292        1.0032548962193530     
   3.5151708134904034       0.99833079352263776     
   3.5287429015733780        1.0011484286037984     
   3.5423149896563526        1.0000524001803606     
   3.5558870777393272       0.99955968905575632     
   3.5694591658223018        1.0021094606830172     
   3.5830312539052764        1.0011899536501738     
   3.5966033419882506       0.99872912709015149     
   3.6101754300712252        1.0015099117357076     
   3.6237475181541998        1.0013016962284862     
   3.6373196062371744       0.99797745181294162     
   3.6508916943201490       0.99899900938549324     
   3.6644637824031236       0.99233711589542783     
   3.6780358704860978        1.0011486081203071     
   3.6916079585690724        1.0001344657694713     
   3.7051800466520470        1.0005561411432793     
   3.7187521347350216        1.0024413318085350     
   3.7323242228179963       0.99473627244630924     
   3.7458963109009704       0.99888714595759820     
   3.7594683989839450       0.99220370454742390     
   3.7730404870669196        1.0024928579301835     
   3.7866125751498942       0.99670354162198971     
   3.8001846632328689       0.99773298564581514     
   3.8137567513158435        1.0009769397414814     
   3.8273288393988176        1.0022931759591216     
   3.8409009274817922        1.0031800331588769     
   3.8544730155647668        1.0018229766732700     
   3.8680451036477415        1.0016338736162234     
   3.8816171917307161        1.0018707680069081     
   3.8951892798136907       0.99635528063871193     
   3.9087613678966648       0.99921859192690299     
   3.9223334559796394        1.0003257452284560     
   3.9359055440626141        1.0013491708420812     
   3.9494776321455887       0.99557278087186052     
   3.9630497202285633       0.99670148162670980     
   3.9766218083115374       0.99511472547380853     
   3.9901938963945121       0.99834073319385142     
   4.0037659844774867       0.99727038200965867     
   4.0173380725604613       0.99679725501364780     
   4.0309101606434359        1.0032524328118060     
   4.0444822487264105       0.99786549556480242     
   4.0580543368093851       0.99867373987937780     
   4.0716264248923597        1.0030913408328488     
   4.0851985129753343        1.0004925979801500     
   4.0987706010583080       0.99767773792339043     
   4.1123426891412826       0.99802915264325576     
   4.1259147772242573        1.0016763143238190     
   4.1394868653072319       0.99878356333228957     
   4.1530589533902065       0.99715523980553911     
   4.1666310414731811       0.99947479694112973     
   4.1802031295561557       0.99854048661124861     
   4.1937752176391303        1.0017989143837929     
   4.2073473057221049        1.0049686897754169     
   4.2209193938050795        1.0013233056432937     
   4.2344914818880541       0.99788564103348276     
   4.2480635699710279       0.99792172052127082     
   4.2616356580540025        1.0005070670350678     
   4.2752077461369771        1.0000851234831190     
   4.2887798342199517        1.0005978270083773     
   4.3023519223029263       0.99429935398201441     
   4.3159240103859009       0.99047210469874802     
   4.3294960984688755        1.0035830782902482     
   4.3430681865518501       0.99815812318947461     
   4.3566402746348247       0.99792683790161418     
   4.3702123627177993        1.0000138621768211     
   4.3837844508007739       0.99985118206126811     
   4.3973565388837486       0.99609532298805936     
   4.4109286269667223        1.0003611120716713     
   4.4245007150496969        1.0028494036074433     
   4.4380728031326715        1.0032849922694904     
   4.4516448912156461        1.0031445385216557     
   4.4652169792986207       0.99773149097494507     
   4.4787890673815953       0.99400233828392892     
   4.4923611554645699       0.99980867495517545     
   4.5059332435475445       0.99726874133399113     
   4.5195053316305192       0.99844696492840868     
   4.5330774197134938       0.99596647052208875     
   4.5466495077964684       0.99922142962047478     
   4.5602215958794421        1.0022075744367889     
   4.5737936839624167        1.0012774503252333     
   4.5873657720453913        1.0008777142581802     
   4.6009378601283659       0.99555767358197533     
   4.6145099482113405       0.99943906047690789     
   4.6280820362943151        1.0017464844490862     
   4.6416541243772897       0.99833898533374810     
   4.6552262124602644       0.99923253661166955     
   4.6687983005432390       0.99728282917347355     
   4.6823703886262136        1.0015977084956367     
   4.6959424767091882       0.99739975378409573     
   4.7095145647921628        1.0030550890706309     
   4.7230866528751365       0.99559480747482665     
   4.7366587409581111       0.99799100236051297     
   4.7502308290410857        1.0001734740398676     
   4.7638029171240603       0.99786936185536346     
   4.7773750052070350        1.0001184625934196     
   4.7909470932900096       0.99985435598640637     
   4.8045191813729842       0.99534259810995651     
   4.8180912694559588       0.99836426873586814     
   4.8316633575389334        1.0006877575755018     
   4.8452354456219080       0.99865670977766940     
   4.8588075337048826       0.99820230599690463     
   4.8723796217878563       0.99927880191344798     
   4.8859517098708309        1.0000889439439005     
   4.8995237979538055       0.99789921820781124     
   4.9130958860367802       0.99659223175234335     
   4.9266679741197548       0.99739709625148920     
   4.9402400622027294       0.99555676223833689     
   4.9538121502857040       0.99621485583070102     
   4.9673842383686786       0.99994946042021260     
   4.9809563264516532       0.99667648823214905     
   4.9945284145346278        1.0020350963147646     
   5.0081005026176024       0.99990014564465457     
   5.0216725907005761        1.0050163334809903     
   5.0352446787835508        1.0001332148236404     
   5.0488167668665254       0.99483979346034324     
   5.0623888549495000       0.99903986591789129     
   5.0759609430324746        1.0003128844758360     
   5.0895330311154492       0.99746773613569573     
   5.1031051191984238        1.0022751577813322     
   5.1166772072813984       0.99921243900992662     
   5.1302492953643730       0.99951209047175360     
   5.1438213834473476        1.0009050933802595     
   5.1573934715303222       0.99787812238494089     
   5.1709655596132968        1.0017404417340470     
   5.1845376476962706       0.99966759167499641     
   5.1981097357792452       0.99864689795018646     
   5.2116818238622198       0.99846034654410909     
   5.2252539119451944       0.99710939331964321     
   5.2388260000281690       0.99590350759631863     
   5.2523980881111436        1.0037877263100781     
   5.2659701761941182        1.0027438898249879     
   5.2795422642770928       0.99899104476809619     
   5.2931143523600674       0.99985808543087551     
   5.3066864404430421        1.0005377055328519     
   5.3202585285260167       0.99770405180910116     
   5.3338306166089904       0.99994003956042488     
   5.3474027046919650        1.0011782566357150     
   5.3609747927749396        1.0003787365397079     
   5.3745468808579142       0.99277197827546815     
   5.3881189689408888       0.99821155012118501     
   5.4016910570238634       0.99951151482433143     
   5.4152631451068380       0.99527011003826904     
   5.4288352331898126        1.0006070168872305     
   5.4424073212727873       0.99533017509034560     
   5.4559794093557619       0.99771375987420541     
   5.4695514974387365       0.99627606454711248     
   5.4831235855217102       0.99839395390575980     
   5.4966956736046848       0.99986131205706918     
   5.5102677616876594        1.0009911029112093     
   5.5238398497706340       0.99748391487867916     
   5.5374119378536086       0.99612924980795214     
   5.5509840259365832       0.99635826820130702     
   5.5645561140195579       0.99620035266282225     
   5.5781282021025325       0.99585230926871793     
   5.5917002901855071        1.0008943984654568     
   5.6052723782684817        1.0005781465451398     
   5.6188444663514563        1.0018347744109277     
   5.6324165544344309        1.0003209306876315     
   5.6459886425174046       0.99950174722691199     
   5.6595607306003792       0.99946566669733050     
   5.6731328186833538        1.0005893847123699     
   5.6867049067663284        1.0026399178312555     
   5.7002769948493031       0.99868875898410925     
   5.7138490829322777       0.99454217150433766     
   5.7274211710152523        1.0004995885066816     
   5.7409932590982269       0.99987289673394486     
   5.7545653471812015        1.0009815499308552     
   5.7681374352641761        1.0005258310080463     
   5.7817095233471507        1.0004962283969030     
   5.7952816114301244        1.0022069717974269     
   5.8088536995130990        1.0018507432154971     
   5.8224257875960737       0.99710197600250261     
   5.8359978756790483       0.99646678734346295     
   5.8495699637620229        1.0032473548018228     
   5.8631420518449975       0.99826429013687035     
   5.8767141399279721       0.99492813336092834     
   5.8902862280109467       0.99676808413364115     
   5.9038583160939213       0.99851044235120912     
   5.9174304041768959       0.99924666628551606     
   5.9310024922598705       0.99347677712182836     
   5.9445745803428451       0.99939991489110824     
   5.9581466684258189       0.99724760186443129     
   5.9717187565087935       0.99906104075235014     
   5.9852908445917681       0.99919296303246707     
   5.9988629326747427       0.99955028549479696     
   6.0124350207577173       0.99891603484328129     
   6.0260071088406919       0.99904234627258259     
   6.0395791969236665       0.99834478770577673     
   6.0531512850066411       0.99652859137371574     
   6.0667233730896157       0.99981794854596873     
   6.0802954611725903       0.99985110558723911     
   6.0938675492555650       0.99805425405579740     
   6.1074396373385387       0.99841012831038489     
   6.1210117254215133       0.99915188124174203     
   6.1345838135044879       0.99691530007672979     
   6.1481559015874625       0.99873711586469027     
   6.1617279896704371       0.99919593931062456     
   6.1753000777534117        1.0026807662388670     
   6.1888721658363863       0.99782072352934015     
   6.2024442539193609       0.99688964558365090     
   6.2160163420023355       0.99817174623025384     
   6.2295884300853102       0.99700278754098581     
   6.2431605181682848       0.99600229995129075     
   6.2567326062512585       0.99640869731338977     
   6.2703046943342331       0.99866999077395135     
   6.2838767824172077        1.0024222373518392     
   6.2974488705001823       0.99710438753169894     
   6.3110209585831569       0.99882552174097883     
   6.3245930466661315       0.99881247565035558     
   6.3381651347491061       0.99922637433880113     
   6.3517372228320808       0.99995758868108542     
   6.3653093109150554       0.99797352826339802     
   6.3788813989980300        1.0000832638282355     
   6.3924534870810046       0.99969756785774289     
   6.4060255751639792       0.99763324073524173     
   6.4195976632469529       0.99928607382881673     
   6.4331697513299275       0.99728800852766741     
   6.4467418394129021       0.99836021296636446     
   6.4603139274958767        1.0001840673060505     
   6.4738860155788513       0.99734244709735254     
   6.4874581036618260        1.0007138609614656     
   6.5010301917448006       0.99830456298776460     
   6.5146022798277752       0.99886165120801107     
   6.5281743679107498       0.99804375634387110     
   6.5417464559937244       0.99641092146681409     
   6.5553185440766990        1.0005820922071986     
   6.5688906321596727       0.99704091154442198     
   6.5824627202426473       0.99553094704645273     
   6.5960348083256219       0.99743110332130891     
   6.6096068964085966       0.99620654045110779     
   6.6231789844915712       0.99892905947303356     
   6.6367510725745458        1.0002503561265466     
   6.6503231606575204        1.0018747933466525     
   6.6638952487404950        1.0013844135481567     
   6.6774673368234696       0.99698711088656733     
   6.6910394249064442       0.99896140348030860     
   6.7046115129894188        1.0031980138820162     
   6.7181836010723925       0.99495084635053388     
   6.7317556891553672        1.0000348573815740     
   6.7453277772383418       0.99874255075625140     
   6.7588998653213164       0.99577026278232661     
   6.7724719534042910        0.0000000000000000     
