   0.0000000000000000        0.0000000000000000     
   1.0772173450159418E-002   0.0000000000000000     
   2.1544346900318836E-002   0.0000000000000000     
   3.2316520350478252E-002   0.0000000000000000     
   4.3088693800637672E-002   0.0000000000000000     
   5.3860867250797091E-002   0.0000000000000000     
   6.4633040700956504E-002   0.0000000000000000     
   7.5405214151115924E-002   0.0000000000000000     
   8.6177387601275343E-002   0.0000000000000000     
   9.6949561051434763E-002   0.0000000000000000     
  0.10772173450159418        0.0000000000000000     
  0.11849390795175360        0.0000000000000000     
  0.12926608140191301        0.0000000000000000     
  0.14003825485207244        0.0000000000000000     
  0.15081042830223185        0.0000000000000000     
  0.16158260175239128        0.0000000000000000     
  0.17235477520255069        0.0000000000000000     
  0.18312694865271009        0.0000000000000000     
  0.19389912210286953        0.0000000000000000     
  0.20467129555302893        0.0000000000000000     
  0.21544346900318836        0.0000000000000000     
  0.22621564245334777        0.0000000000000000     
  0.23698781590350720        0.0000000000000000     
  0.24775998935366661        0.0000000000000000     
  0.25853216280382602        0.0000000000000000     
  0.26930433625398542        0.0000000000000000     
  0.28007650970414488        0.0000000000000000     
  0.29084868315430429        0.0000000000000000     
  0.30162085660446369        0.0000000000000000     
  0.31239303005462310        0.0000000000000000     
  0.32316520350478256        0.0000000000000000     
  0.33393737695494197        0.0000000000000000     
  0.34470955040510137        0.0000000000000000     
  0.35548172385526078        0.0000000000000000     
  0.36625389730542018        0.0000000000000000     
  0.37702607075557965        0.0000000000000000     
  0.38779824420573905        0.0000000000000000     
  0.39857041765589846        0.0000000000000000     
  0.40934259110605786        0.0000000000000000     
  0.42011476455621732        0.0000000000000000     
  0.43088693800637673        0.0000000000000000     
  0.44165911145653614        0.0000000000000000     
  0.45243128490669554        0.0000000000000000     
  0.46320345835685495        0.0000000000000000     
  0.47397563180701441        0.0000000000000000     
  0.48474780525717381        0.0000000000000000     
  0.49551997870733322        0.0000000000000000     
  0.50629215215749268        0.0000000000000000     
  0.51706432560765203        0.0000000000000000     
  0.52783649905781149        0.0000000000000000     
  0.53860867250797084        0.0000000000000000     
  0.54938084595813030        0.0000000000000000     
  0.56015301940828977        0.0000000000000000     
  0.57092519285844912        0.0000000000000000     
  0.58169736630860858        0.0000000000000000     
  0.59246953975876804        0.0000000000000000     
  0.60324171320892739        0.0000000000000000     
  0.61401388665908685        0.0000000000000000     
  0.62478606010924620        0.0000000000000000     
  0.63555823355940566        0.0000000000000000     
  0.64633040700956512        0.0000000000000000     
  0.65710258045972447        0.0000000000000000     
  0.66787475390988393        0.0000000000000000     
  0.67864692736004328        0.0000000000000000     
  0.68941910081020275        0.0000000000000000     
  0.70019127426036221        0.0000000000000000     
  0.71096344771052156        0.0000000000000000     
  0.72173562116068102        0.0000000000000000     
  0.73250779461084037        0.0000000000000000     
  0.74327996806099983        0.0000000000000000     
  0.75405214151115929        0.0000000000000000     
  0.76482431496131864        0.0000000000000000     
  0.77559648841147810        0.0000000000000000     
  0.78636866186163745        0.0000000000000000     
  0.79714083531179691        0.0000000000000000     
  0.80791300876195637        0.0000000000000000     
  0.81868518221211573        0.0000000000000000     
  0.82945735566227519        1.0351526426590099E-004
  0.84022952911243465        6.0556511486220511E-004
  0.85100170256259400        1.7718409767350858E-003
  0.86177387601275346        7.7788238033412284E-003
  0.87254604946291281        2.4648591977923313E-002
  0.88331822291307227        4.6110727733603793E-002
  0.89409039636323173        9.2017052947958672E-002
  0.90486256981339108       0.16465855569480481     
  0.91563474326355054       0.25593119102027451     
  0.92640691671370989       0.37908809446213970     
  0.93717909016386935       0.50658089180783439     
  0.94795126361402882       0.66128143971439979     
  0.95872343706418817       0.81996229202769588     
  0.96949561051434763       0.96899579287223159     
  0.98026778396450698        1.1221633902824739     
  0.99103995741466644        1.2608573611758316     
   1.0018121308648258        1.3771744015723921     
   1.0125843043149854        1.4519986730909635     
   1.0233564777651447        1.5467317704521675     
   1.0341286512153041        1.6085731387592668     
   1.0449008246654636        1.6792342653535048     
   1.0556729981156230        1.6970027963354766     
   1.0664451715657823        1.7215033104255637     
   1.0772173450159417        1.7041575947902805     
   1.0879895184661013        1.7085902838574234     
   1.0987616919162606        1.7224192526446573     
   1.1095338653664200        1.6802660984635380     
   1.1203060388165795        1.6432339489547776     
   1.1310782122667389        1.6620116106966423     
   1.1418503857168982        1.6442614190235887     
   1.1526225591670578        1.5867825988652773     
   1.1633947326172172        1.5596884352648237     
   1.1741669060673765        1.5341988217475679     
   1.1849390795175361        1.4912564005742714     
   1.1957112529676954        1.4807899856833586     
   1.2064834264178548        1.4503058316965722     
   1.2172555998680141        1.4217751591015877     
   1.2280277733181737        1.3819609465448077     
   1.2387999467683330        1.3560352774967712     
   1.2495721202184924        1.3282470599972414     
   1.2603442936686520        1.3146914451370644     
   1.2711164671188113        1.2851866149694653     
   1.2818886405689707        1.2534008623812762     
   1.2926608140191302        1.2311253302000906     
   1.3034329874692896        1.2095771735870189     
   1.3142051609194489        1.1955052570639879     
   1.3249773343696083        1.1567061312536435     
   1.3357495078197679        1.1417076422665307     
   1.3465216812699272        1.1423442308244989     
   1.3572938547200866        1.1283409703881384     
   1.3680660281702461        1.1006489593348694     
   1.3788382016204055        1.0979040892473186     
   1.3896103750705648        1.0900571542239723     
   1.4003825485207244        1.0562036610044843     
   1.4111547219708838        1.0452626537780367     
   1.4219268954210431        1.0405785466256372     
   1.4326990688712027        1.0118339367881575     
   1.4434712423213620        1.0258258423634659     
   1.4542434157715214       0.99308209440329587     
   1.4650155892216807       0.99660567822965618     
   1.4757877626718403       0.99483641254123978     
   1.4865599361219997       0.97665841528857300     
   1.4973321095721590       0.97831621476156028     
   1.5081042830223186       0.96925250444646738     
   1.5188764564724779       0.96556062649416174     
   1.5296486299226373       0.96385971112874824     
   1.5404208033727969       0.94421089291007598     
   1.5511929768229562       0.95209762160734857     
   1.5619651502731156       0.94927919001287919     
   1.5727373237232749       0.95105264642050802     
   1.5835094971734345       0.93481585888661978     
   1.5942816706235938       0.92908745336111698     
   1.6050538440737532       0.92356906193761434     
   1.6158260175239127       0.92547986106144020     
   1.6265981909740721       0.92043148493689031     
   1.6373703644242315       0.92112094100779218     
   1.6481425378743910       0.91639753655258882     
   1.6589147113245504       0.91295895145600159     
   1.6696868847747097       0.90997590101406434     
   1.6804590582248693       0.90864052470796364     
   1.6912312316750286       0.90896753414539377     
   1.7020034051251880       0.91422977190716304     
   1.7127755785753473       0.92250985322757462     
   1.7235477520255069       0.92019453435211129     
   1.7343199254756663       0.91943636156099606     
   1.7450920989258256       0.91974936466456580     
   1.7558642723759852       0.92590366993285655     
   1.7666364458261445       0.91574977007107150     
   1.7774086192763039       0.93046218696225480     
   1.7881807927264635       0.92031757366013223     
   1.7989529661766228       0.92778205247337742     
   1.8097251396267822       0.93343042956487010     
   1.8204973130769415       0.92975448925577431     
   1.8312694865271011       0.93577342423587273     
   1.8420416599772604       0.94401311879981531     
   1.8528138334274198       0.95229789699190004     
   1.8635860068775794       0.94608617656758420     
   1.8743581803277387       0.94974994050066597     
   1.8851303537778981       0.95994555838381701     
   1.8959025272280576       0.95995119558929132     
   1.9066747006782170       0.96900571736849284     
   1.9174468741283763       0.96526735996134772     
   1.9282190475785359       0.97549249526779902     
   1.9389912210286953       0.98622822541436972     
   1.9497633944788546       0.97891646357553086     
   1.9605355679290140       0.99097132937231291     
   1.9713077413791735        1.0058937355860662     
   1.9820799148293329       0.99683887986535624     
   1.9928520882794922        1.0012894691782148     
   2.0036242617296516        1.0084917837826772     
   2.0143964351798109        1.0106022202069438     
   2.0251686086299707        1.0114929549481901     
   2.0359407820801301        1.0205180615233012     
   2.0467129555302894        1.0247948168905521     
   2.0574851289804488        1.0269654362356166     
   2.0682573024306081        1.0253395869209692     
   2.0790294758807675        1.0237433808789913     
   2.0898016493309273        1.0339926525630980     
   2.1005738227810866        1.0353901253717350     
   2.1113459962312460        1.0276627866414552     
   2.1221181696814053        1.0341067029984481     
   2.1328903431315647        1.0368280474542237     
   2.1436625165817240        1.0408084294674806     
   2.1544346900318834        1.0374162367189115     
   2.1652068634820432        1.0441670939069425     
   2.1759790369322025        1.0319894009219253     
   2.1867512103823619        1.0350695844089730     
   2.1975233838325212        1.0402162264104065     
   2.2082955572826806        1.0360149572501500     
   2.2190677307328399        1.0396834936508370     
   2.2298399041829997        1.0415760395547000     
   2.2406120776331591        1.0375425527280207     
   2.2513842510833184        1.0360146442941098     
   2.2621564245334778        1.0273675561242688     
   2.2729285979836371        1.0308302650641652     
   2.2837007714337965        1.0323639067546886     
   2.2944729448839558        1.0295124470245740     
   2.3052451183341156        1.0298835113090470     
   2.3160172917842750        1.0218749690887337     
   2.3267894652344343        1.0238538653861551     
   2.3375616386845937        1.0241771864637808     
   2.3483338121347530        1.0278812233372774     
   2.3591059855849124        1.0258738778858116     
   2.3698781590350722        1.0212344486315614     
   2.3806503324852315        1.0151421179988334     
   2.3914225059353909        1.0211471103641441     
   2.4021946793855502        1.0227651124747736     
   2.4129668528357096        1.0167123053295215     
   2.4237390262858689        1.0097937293791912     
   2.4345111997360283        1.0117326256266668     
   2.4452833731861880        1.0109111609478234     
   2.4560555466363474        1.0077281230742048     
   2.4668277200865067        1.0147074216626464     
   2.4775998935366661        1.0038175052522675     
   2.4883720669868254        1.0044763473947798     
   2.4991442404369848        1.0000094303601232     
   2.5099164138871441        1.0001988683682410     
   2.5206885873373039        1.0019017810606687     
   2.5314607607874633       0.99473570344332618     
   2.5422329342376226       0.99643027259657491     
   2.5530051076877820       0.99663728959002162     
   2.5637772811379413       0.99873002023622992     
   2.5745494545881007       0.99190865049247656     
   2.5853216280382605       0.99336884263776670     
   2.5960938014884198       0.99907768014568332     
   2.6068659749385792       0.99265295609247184     
   2.6176381483887385       0.99022650252980604     
   2.6284103218388979       0.98780656325962068     
   2.6391824952890572       0.99629035868490190     
   2.6499546687392166       0.99385828977180557     
   2.6607268421893764       0.98751798980260841     
   2.6714990156395357       0.99136125206374348     
   2.6822711890896951       0.99137084758833949     
   2.6930433625398544       0.99382983816358728     
   2.7038155359900138       0.98990556477927905     
   2.7145877094401731       0.99010184947951541     
   2.7253598828903329       0.99828122961386867     
   2.7361320563404923       0.98940731752568278     
   2.7469042297906516       0.99171353874122314     
   2.7576764032408110       0.99011560892223782     
   2.7684485766909703       0.99368668495323920     
   2.7792207501411297       0.99485260094084682     
   2.7899929235912890       0.99044408929524963     
   2.8007650970414488       0.99205326989700904     
   2.8115372704916082       0.99580323976969642     
   2.8223094439417675       0.98901267051648145     
   2.8330816173919269       0.99562659069033588     
   2.8438537908420862       0.99373324406371233     
   2.8546259642922456       0.99570232136850967     
   2.8653981377424054       0.99198021218837129     
   2.8761703111925647       0.99211714685558849     
   2.8869424846427241       0.99374415633578495     
   2.8977146580928834       0.99386413477467694     
   2.9084868315430428       0.99328903952626835     
   2.9192590049932021       0.99486898676031721     
   2.9300311784433615       0.99138499474389563     
   2.9408033518935213       0.99435922691846212     
   2.9515755253436806        1.0001889568385098     
   2.9623476987938400       0.99895818616764631     
   2.9731198722439993       0.99827415388726692     
   2.9838920456941587        1.0008392150186056     
   2.9946642191443180        1.0001983381080888     
   3.0054363925944778       0.99943574668252144     
   3.0162085660446372        1.0003250644350807     
   3.0269807394947965       0.99881082471668747     
   3.0377529129449559        1.0014360063585863     
   3.0485250863951152        1.0047326018330247     
   3.0592972598452746        1.0027777422295350     
   3.0700694332954339       0.99997856303346266     
   3.0808416067455937       0.99994140718914082     
   3.0916137801957531        1.0063875032038336     
   3.1023859536459124        1.0027806243379673     
   3.1131581270960718       0.99922970907060160     
   3.1239303005462311       0.99962253849189964     
   3.1347024739963905        1.0030882820972034     
   3.1454746474465498        1.0050840938677972     
   3.1562468208967096        1.0079049494045025     
   3.1670189943468690        1.0045282673185481     
   3.1777911677970283        1.0062461056894165     
   3.1885633412471877       0.99916126374552261     
   3.1993355146973470        1.0046055091790593     
   3.2101076881475064        1.0053182499270192     
   3.2208798615976661        1.0066209144073202     
   3.2316520350478255        1.0036176437945852     
   3.2424242084979848        1.0027791035935270     
   3.2531963819481442        1.0061749481023512     
   3.2639685553983036        1.0017648735852016     
   3.2747407288484629        1.0030842862166283     
   3.2855129022986223        1.0017984515104084     
   3.2962850757487820        1.0032335624566775     
   3.3070572491989414        1.0074575119751421     
   3.3178294226491007        1.0008046450502159     
   3.3286015960992601        1.0017327497371786     
   3.3393737695494194        1.0033186028308194     
   3.3501459429995788        1.0039295915967665     
   3.3609181164497386        1.0069333140521475     
   3.3716902898998979        1.0082791851101298     
   3.3824624633500573        1.0034293033508679     
   3.3932346368002166        1.0054533318709231     
   3.4040068102503760        1.0023063684903297     
   3.4147789837005353       0.99742461820494033     
   3.4255511571506947        1.0063382052768484     
   3.4363233306008545       0.99975149451414269     
   3.4470955040510138        1.0024719673578792     
   3.4578676775011732        1.0030848907980623     
   3.4686398509513325        1.0017510449973597     
   3.4794120244014919        1.0038251437421657     
   3.4901841978516512        1.0013273144999006     
   3.5009563713018110        1.0006064511490205     
   3.5117285447519704       0.99738374946253028     
   3.5225007182021297        1.0044140388655927     
   3.5332728916522891        1.0024747414232611     
   3.5440450651024484       0.99586271904970203     
   3.5548172385526078        1.0006371471642053     
   3.5655894120027671       0.99941632386130497     
   3.5763615854529269        1.0032621497068759     
   3.5871337589030863       0.99543109445027400     
   3.5979059323532456       0.99342759022578320     
   3.6086781058034050       0.99968337749937752     
   3.6194502792535643       0.99933468392669678     
   3.6302224527037237       0.99742499142431262     
   3.6409946261538830       0.99671585345251490     
   3.6517667996040428       0.99910641823903146     
   3.6625389730542022        1.0020262544809113     
   3.6733111465043615       0.99866321712477479     
   3.6840833199545209       0.99441405084000634     
   3.6948554934046802       0.99595921922826514     
   3.7056276668548396       0.99788668271615888     
   3.7163998403049994       0.99808047830937174     
   3.7271720137551587       0.99832947412319484     
   3.7379441872053181       0.99526078005865115     
   3.7487163606554774       0.99784558305900695     
   3.7594885341056368        1.0014855286070719     
   3.7702607075557961        1.0018462725779138     
   3.7810328810059555       0.99763321134992367     
   3.7918050544561153        1.0001797190261197     
   3.8025772279062746       0.99808792750477482     
   3.8133494013564340        1.0002436501630438     
   3.8241215748065933       0.99864534117052062     
   3.8348937482567527        1.0021850907988032     
   3.8456659217069120       0.99694933279383402     
   3.8564380951570718       0.99892785850373567     
   3.8672102686072312        1.0012421565683129     
   3.8779824420573905       0.99926889082781667     
   3.8887546155075499       0.99912737497522308     
   3.8995267889577092       0.99824813362555576     
   3.9102989624078686       0.99725305877676107     
   3.9210711358580279        1.0000500493667597     
   3.9318433093081877       0.99926370810716669     
   3.9426154827583471        1.0004312249244793     
   3.9533876562085064       0.99681741567948767     
   3.9641598296586658        1.0025396927599310     
   3.9749320031088251        1.0001232017581221     
   3.9857041765589845        1.0017254562801012     
   3.9964763500091443        1.0024640133026892     
   4.0072485234593032       0.99907864146546210     
   4.0180206969094625       0.99717052935115980     
   4.0287928703596219        1.0020320315756861     
   4.0395650438097821        1.0032773277883069     
   4.0503372172599414       0.99934320672824029     
   4.0611093907101008        1.0002632619965550     
   4.0718815641602601        1.0012040467366439     
   4.0826537376104195       0.99605413745801741     
   4.0934259110605788        1.0021952658280315     
   4.1041980845107382       0.99858816198033418     
   4.1149702579608975       0.99840543988363106     
   4.1257424314110569       0.99915603963564681     
   4.1365146048612162       0.99957207913523716     
   4.1472867783113756       0.99721187862150074     
   4.1580589517615349        1.0030617406233748     
   4.1688311252116943        1.0030481119335812     
   4.1796032986618545        1.0007466600648094     
   4.1903754721120139       0.99843049772462267     
   4.2011476455621732        1.0011357715842331     
   4.2119198190123326       0.99782142973556265     
   4.2226919924624919       0.99853210060882025     
   4.2334641659126513       0.99823084544459961     
   4.2442363393628106       0.99977947315522986     
   4.2550085128129700        1.0025130033576088     
   4.2657806862631293       0.99765289488175357     
   4.2765528597132887       0.99975806261121158     
   4.2873250331634480       0.99744915001663537     
   4.2980972066136074       0.99856298054294490     
   4.3088693800637667       0.99925368484665722     
   4.3196415535139270        1.0007599503587548     
   4.3304137269640863       0.99926136221133588     
   4.3411859004142457       0.99955871318570300     
   4.3519580738644050        1.0002211642769561     
   4.3627302473145644        1.0037680004778520     
   4.3735024207647237        1.0003764723932975     
   4.3842745942148831        1.0033211109314872     
   4.3950467676650424       0.99779160180944149     
   4.4058189411152018        1.0038762676262691     
   4.4165911145653611       0.99887877642700551     
   4.4273632880155205       0.99618221065109858     
   4.4381354614656798        1.0033678982145355     
   4.4489076349158392       0.99759306396541714     
   4.4596798083659994        1.0057366303796003     
   4.4704519818161588       0.99855586611166192     
   4.4812241552663181       0.99466006526180828     
   4.4919963287164775        1.0010281512864694     
   4.5027685021666368       0.99822600751265367     
   4.5135406756167962       0.99886637693334579     
   4.5243128490669555        1.0001859950328902     
   4.5350850225171149        1.0026933656561665     
   4.5458571959672742        1.0015096804116235     
   4.5566293694174336        1.0031862660068331     
   4.5674015428675929        1.0015769884934127     
   4.5781737163177523        1.0018373751558047     
   4.5889458897679116       0.99959570116274432     
   4.5997180632180719       0.99973338174515280     
   4.6104902366682312        1.0003568938878020     
   4.6212624101183906        1.0004372141683697     
   4.6320345835685499       0.99910480994674311     
   4.6428067570187093        1.0018798730576706     
   4.6535789304688686       0.99835594066030098     
   4.6643511039190280       0.99822251906079928     
   4.6751232773691873       0.99982537638355728     
   4.6858954508193467       0.99529974401623889     
   4.6966676242695060       0.99827685715880510     
   4.7074397977196654        1.0008847421105513     
   4.7182119711698247        1.0012063358431231     
   4.7289841446199841        1.0005350398549582     
   4.7397563180701443       0.99800727555298718     
   4.7505284915203037       0.99763574026975199     
   4.7613006649704630       0.99711470724898599     
   4.7720728384206224        1.0000331089024528     
   4.7828450118707817        1.0013307570067214     
   4.7936171853209411       0.99832878930846580     
   4.8043893587711004       0.99934448073283311     
   4.8151615322212598       0.99730635309034688     
   4.8259337056714191       0.99719597426402606     
   4.8367058791215785        1.0009930634781392     
   4.8474780525717378       0.99842577433103774     
   4.8582502260218972        1.0020523081049570     
   4.8690223994720565        1.0026968027519263     
   4.8797945729222167       0.99527234524302488     
   4.8905667463723761       0.99890693754354054     
   4.9013389198225354        1.0007706823828357     
   4.9121110932726948        1.0001278058515761     
   4.9228832667228541        1.0020875476473365     
   4.9336554401730135        1.0015947571823973     
   4.9444276136231728       0.99742091139249522     
   4.9551997870733322       0.99856008398294438     
   4.9659719605234915       0.99600611035053632     
   4.9767441339736509       0.99995568541175295     
   4.9875163074238102        1.0006926844776887     
   4.9982884808739696        1.0018144864359322     
   5.0090606543241289        1.0009711634374254     
   5.0198328277742883       0.99868405381802650     
   5.0306050012244485       0.99738963594340413     
   5.0413771746746079       0.99694796937868579     
   5.0521493481247672        1.0003393026187195     
   5.0629215215749266       0.99635882610136206     
   5.0736936950250859       0.99925755383748427     
   5.0844658684752453        1.0001313070863866     
   5.0952380419254046       0.99941073455828666     
   5.1060102153755640        1.0020108550513636     
   5.1167823888257233        1.0012118198511808     
   5.1275545622758827        1.0007324184356752     
   5.1383267357260420       0.99829526881059694     
   5.1490989091762014       0.99777297579702040     
   5.1598710826263607        1.0003905403574480     
   5.1706432560765210        1.0033602224193958     
   5.1814154295266803       0.99886028429308782     
   5.1921876029768397       0.99975358419400084     
   5.2029597764269990       0.99734832445293431     
   5.2137319498771584       0.99852665321474254     
   5.2245041233273177       0.99888911012064718     
   5.2352762967774771       0.99979043535528944     
   5.2460484702276364       0.99852681843430913     
   5.2568206436777958        1.0005849606813575     
   5.2675928171279551       0.99951327345080221     
   5.2783649905781145        1.0033192007769935     
   5.2891371640282738       0.99897543775217867     
   5.2999093374784332        1.0001878208737029     
   5.3106815109285934        1.0018204906457318     
   5.3214536843787528       0.99738598049087512     
   5.3322258578289121        1.0025249919890153     
   5.3429980312790715        1.0005812428321583     
   5.3537702047292308        1.0004187756728324     
   5.3645423781793902        1.0013617486882742     
   5.3753145516295495        0.0000000000000000     
