   0.0000000000000000        0.0000000000000000     
   9.4103602888102825E-003   0.0000000000000000     
   1.8820720577620565E-002   0.0000000000000000     
   2.8231080866430849E-002   0.0000000000000000     
   3.7641441155241130E-002   0.0000000000000000     
   4.7051801444051411E-002   0.0000000000000000     
   5.6462161732861699E-002   0.0000000000000000     
   6.5872522021671973E-002   0.0000000000000000     
   7.5282882310482260E-002   0.0000000000000000     
   8.4693242599292548E-002   0.0000000000000000     
   9.4103602888102822E-002   0.0000000000000000     
  0.10351396317691311        0.0000000000000000     
  0.11292432346572340        0.0000000000000000     
  0.12233468375453367        0.0000000000000000     
  0.13174504404334395        0.0000000000000000     
  0.14115540433215423        0.0000000000000000     
  0.15056576462096452        0.0000000000000000     
  0.15997612490977481        0.0000000000000000     
  0.16938648519858510        0.0000000000000000     
  0.17879684548739536        0.0000000000000000     
  0.18820720577620564        0.0000000000000000     
  0.19761756606501593        0.0000000000000000     
  0.20702792635382622        0.0000000000000000     
  0.21643828664263651        0.0000000000000000     
  0.22584864693144679        0.0000000000000000     
  0.23525900722025705        0.0000000000000000     
  0.24466936750906734        0.0000000000000000     
  0.25407972779787763        0.0000000000000000     
  0.26349008808668789        0.0000000000000000     
  0.27290044837549821        0.0000000000000000     
  0.28231080866430847        0.0000000000000000     
  0.29172116895311878        0.0000000000000000     
  0.30113152924192904        0.0000000000000000     
  0.31054188953073930        0.0000000000000000     
  0.31995224981954962        0.0000000000000000     
  0.32936261010835988        0.0000000000000000     
  0.33877297039717019        0.0000000000000000     
  0.34818333068598045        0.0000000000000000     
  0.35759369097479071        0.0000000000000000     
  0.36700405126360103        0.0000000000000000     
  0.37641441155241129        0.0000000000000000     
  0.38582477184122160        0.0000000000000000     
  0.39523513213003186        0.0000000000000000     
  0.40464549241884212        0.0000000000000000     
  0.41405585270765244        0.0000000000000000     
  0.42346621299646270        0.0000000000000000     
  0.43287657328527301        0.0000000000000000     
  0.44228693357408327        0.0000000000000000     
  0.45169729386289359        0.0000000000000000     
  0.46110765415170385        0.0000000000000000     
  0.47051801444051411        0.0000000000000000     
  0.47992837472932443        0.0000000000000000     
  0.48933873501813469        0.0000000000000000     
  0.49874909530694500        0.0000000000000000     
  0.50815945559575526        0.0000000000000000     
  0.51756981588456552        0.0000000000000000     
  0.52698017617337578        0.0000000000000000     
  0.53639053646218615        0.0000000000000000     
  0.54580089675099641        0.0000000000000000     
  0.55521125703980667        0.0000000000000000     
  0.56462161732861693        0.0000000000000000     
  0.57403197761742719        0.0000000000000000     
  0.58344233790623756        0.0000000000000000     
  0.59285269819504782        0.0000000000000000     
  0.60226305848385808        0.0000000000000000     
  0.61167341877266834        0.0000000000000000     
  0.62108377906147860        0.0000000000000000     
  0.63049413935028897        0.0000000000000000     
  0.63990449963909923        0.0000000000000000     
  0.64931485992790949        0.0000000000000000     
  0.65872522021671975        0.0000000000000000     
  0.66813558050553001        0.0000000000000000     
  0.67754594079434038        0.0000000000000000     
  0.68695630108315064        0.0000000000000000     
  0.69636666137196090        0.0000000000000000     
  0.70577702166077116        0.0000000000000000     
  0.71518738194958142        0.0000000000000000     
  0.72459774223839180        0.0000000000000000     
  0.73400810252720206        0.0000000000000000     
  0.74341846281601232        0.0000000000000000     
  0.75282882310482258        0.0000000000000000     
  0.76223918339363284        0.0000000000000000     
  0.77164954368244321        0.0000000000000000     
  0.78105990397125347        0.0000000000000000     
  0.79047026426006373        0.0000000000000000     
  0.79988062454887399        0.0000000000000000     
  0.80929098483768425        0.0000000000000000     
  0.81870134512649462        0.0000000000000000     
  0.82811170541530488        1.5926816948805392E-004
  0.83752206570411514        3.8941978154810792E-004
  0.84693242599292540        1.8285814616239634E-003
  0.85634278628173566        5.2932235390682749E-003
  0.86575314657054603        1.3644694822909757E-002
  0.87516350685935629        3.1000710076888927E-002
  0.88457386714816655        6.1898787364426930E-002
  0.89398422743697681       0.11049062647207028     
  0.90339458772578718       0.17768653726992076     
  0.91280494801459744       0.28514306443906484     
  0.92221530830340770       0.38858773880701886     
  0.93162566859221796       0.53676192806907597     
  0.94103602888102822       0.69081445645733253     
  0.95044638916983859       0.85007542604341690     
  0.95985674945864885        1.0070123416239867     
  0.96926710974745911        1.1679207499628015     
  0.97867747003626937        1.3209716549057855     
  0.98808783032507963        1.4513356668123158     
  0.99749819061389000        1.5693566672572736     
   1.0069085509027003        1.6873518005963923     
   1.0163189111915105        1.7545098375208454     
   1.0257292714803208        1.8032987683141812     
   1.0351396317691310        1.8810026027061932     
   1.0445499920579413        1.8904012931594878     
   1.0539603523467516        1.9218074920268935     
   1.0633707126355618        1.9257047071257878     
   1.0727810729243723        1.9222459448151030     
   1.0821914332131826        1.9124646983440021     
   1.0916017935019928        1.8928490870309935     
   1.1010121537908031        1.8415492379120091     
   1.1104225140796133        1.8287252730261359     
   1.1198328743684236        1.8297781121952457     
   1.1292432346572339        1.7550590155279531     
   1.1386535949460441        1.7267346465745324     
   1.1480639552348544        1.6917329945159465     
   1.1574743155236646        1.6305906120372815     
   1.1668846758124751        1.6188434256486519     
   1.1762950361012854        1.5797571925733642     
   1.1857053963900956        1.5258010882480399     
   1.1951157566789059        1.4951920719559439     
   1.2045261169677162        1.4618434713814081     
   1.2139364772565264        1.4169020008928748     
   1.2233468375453367        1.4002666515810711     
   1.2327571978341469        1.3711442146003119     
   1.2421675581229572        1.3347523530685954     
   1.2515779184117677        1.2976651231134693     
   1.2609882787005779        1.2807709765253275     
   1.2703986389893882        1.2582052625716389     
   1.2798089992781985        1.2249565222359642     
   1.2892193595670087        1.1909704264858927     
   1.2986297198558190        1.1655325817222957     
   1.3080400801446292        1.1417620748528563     
   1.3174504404334395        1.1274334427029420     
   1.3268608007222498        1.1011418368903885     
   1.3362711610110600        1.0888222717809541     
   1.3456815212998705        1.0594457422340742     
   1.3550918815886808        1.0619573572988610     
   1.3645022418774910        1.0323214285581059     
   1.3739126021663013        1.0188404726228149     
   1.3833229624551115        1.0047310716516962     
   1.3927333227439218       0.98576940839982896     
   1.4021436830327321       0.98580872854986479     
   1.4115540433215423       0.96694580558707632     
   1.4209644036103526       0.95861250907588258     
   1.4303747638991628       0.95236281632883024     
   1.4397851241879733       0.93817707674535578     
   1.4491954844767836       0.93192671769106594     
   1.4586058447655939       0.90518367554148138     
   1.4680162050544041       0.90887195996259462     
   1.4774265653432144       0.90815500380591563     
   1.4868369256320246       0.88767621253002948     
   1.4962472859208349       0.87434638985377255     
   1.5056576462096452       0.86621794066931779     
   1.5150680064984554       0.86827201449218061     
   1.5244783667872657       0.86579665312693144     
   1.5338887270760762       0.85810747474147997     
   1.5432990873648864       0.84951563701031241     
   1.5527094476536967       0.83393452975952842     
   1.5621198079425069       0.84835737007709200     
   1.5715301682313172       0.84344027199184102     
   1.5809405285201275       0.84388629592306530     
   1.5903508888089377       0.83416999620160670     
   1.5997612490977480       0.84587654047900240     
   1.6091716093865582       0.84458690286300142     
   1.6185819696753685       0.83721011402915058     
   1.6279923299641790       0.83880777193088529     
   1.6374026902529892       0.84058399483406487     
   1.6468130505417995       0.83448509686040340     
   1.6562234108306098       0.83936255279238314     
   1.6656337711194200       0.83933380911461963     
   1.6750441314082303       0.84349035751811552     
   1.6844544916970405       0.83644130000874417     
   1.6938648519858508       0.84289584779529392     
   1.7032752122746611       0.85726054370090721     
   1.7126855725634713       0.86639424158886214     
   1.7220959328522818       0.85734647894478422     
   1.7315062931410921       0.86253174274032163     
   1.7409166534299023       0.86133965619766761     
   1.7503270137187126       0.87342381382031165     
   1.7597373740075228       0.87211634227049772     
   1.7691477342963331       0.88450122415326582     
   1.7785580945851434       0.87745428904167710     
   1.7879684548739536       0.89454507422949048     
   1.7973788151627639       0.89520786057187685     
   1.8067891754515744       0.90725789283368308     
   1.8161995357403846       0.90803624929940152     
   1.8256098960291949       0.91546060700431786     
   1.8350202563180051       0.91736757888990605     
   1.8444306166068154       0.93732527497042739     
   1.8538409768956257       0.93734335269752589     
   1.8632513371844359       0.94914218315127541     
   1.8726616974732462       0.95526448747365245     
   1.8820720577620564       0.95867365466119447     
   1.8914824180508667       0.96817590975642209     
   1.9008927783396772       0.97350224843299982     
   1.9103031386284874       0.98599991269197673     
   1.9197134989172977       0.98765030078914451     
   1.9291238592061080        1.0002923668909993     
   1.9385342194949182        1.0085563986303114     
   1.9479445797837285        1.0226911183354379     
   1.9573549400725387        1.0197240514442680     
   1.9667653003613490        1.0312495383778819     
   1.9761756606501593        1.0421126848377289     
   1.9855860209389695        1.0356473609418568     
   1.9949963812277800        1.0480515838520459     
   2.0044067415165903        1.0489084354618581     
   2.0138171018054005        1.0601572350536808     
   2.0232274620942108        1.0578713372115740     
   2.0326378223830210        1.0665588291243575     
   2.0420481826718313        1.0625238725054369     
   2.0514585429606416        1.0733730039981424     
   2.0608689032494518        1.0682775045142003     
   2.0702792635382621        1.0730593730356739     
   2.0796896238270723        1.0806243509861162     
   2.0890999841158826        1.0740024939092045     
   2.0985103444046929        1.0837824571670842     
   2.1079207046935031        1.0853436475274518     
   2.1173310649823134        1.0772981641523731     
   2.1267414252711236        1.0808880656713904     
   2.1361517855599343        1.0732073517250760     
   2.1455621458487446        1.0697611665247089     
   2.1549725061375549        1.0829749055362055     
   2.1643828664263651        1.0770431564328209     
   2.1737932267151754        1.0802832112199707     
   2.1832035870039856        1.0735421163523478     
   2.1926139472927959        1.0732565498799396     
   2.2020243075816062        1.0743288315650894     
   2.2114346678704164        1.0656163674680486     
   2.2208450281592267        1.0691241074876292     
   2.2302553884480369        1.0613550161880958     
   2.2396657487368472        1.0550904792489710     
   2.2490761090256575        1.0533597845879192     
   2.2584864693144677        1.0553511734485554     
   2.2678968296032780        1.0469797792686579     
   2.2773071898920882        1.0508886248725187     
   2.2867175501808985        1.0420859062119028     
   2.2961279104697088        1.0391173412292412     
   2.3055382707585190        1.0323936931441531     
   2.3149486310473293        1.0312012609588646     
   2.3243589913361400        1.0332587967111839     
   2.3337693516249503        1.0228203507555047     
   2.3431797119137605        1.0221421561715305     
   2.3525900722025708        1.0215028951716942     
   2.3620004324913810        1.0164894102357582     
   2.3714107927801913        1.0103120612771206     
   2.3808211530690016        1.0135859170325519     
   2.3902315133578118        1.0125172333400119     
   2.3996418736466221        1.0103484648932561     
   2.4090522339354323        1.0005441570874933     
   2.4184625942242426        1.0066217090001170     
   2.4278729545130528       0.99536412737268420     
   2.4372833148018631       0.98954167736935117     
   2.4466936750906734       0.99621372198237157     
   2.4561040353794836       0.99918220175203287     
   2.4655143956682939       0.99754767071072059     
   2.4749247559571041       0.99072112788293476     
   2.4843351162459144       0.98397798564841499     
   2.4937454765347247       0.98832841188047527     
   2.5031558368235354       0.97868855454096471     
   2.5125661971123456       0.97385422787133091     
   2.5219765574011559       0.96841464563844115     
   2.5313869176899662       0.97281027707498025     
   2.5407972779787764       0.97613710646875806     
   2.5502076382675867       0.97590126588089521     
   2.5596179985563969       0.97660640479523908     
   2.5690283588452072       0.97005411661866847     
   2.5784387191340175       0.96960540267462780     
   2.5878490794228277       0.97027253523097134     
   2.5972594397116380       0.97081376587176438     
   2.6066698000004482       0.97299997411865291     
   2.6160801602892585       0.97175772408547134     
   2.6254905205780688       0.97191101024185189     
   2.6349008808668790       0.96909936995197077     
   2.6443112411556893       0.97105897465733815     
   2.6537216014444995       0.97599870478714923     
   2.6631319617333098       0.97119081362402060     
   2.6725423220221201       0.97394695280920818     
   2.6819526823109303       0.96756400697386613     
   2.6913630425997410       0.97403395012816218     
   2.7007734028885513       0.96874176046901517     
   2.7101837631773615       0.97133883824799394     
   2.7195941234661718       0.97470117574482762     
   2.7290044837549821       0.96891100395019070     
   2.7384148440437923       0.97565819379557939     
   2.7478252043326026       0.97460456031274734     
   2.7572355646214128       0.98497227647988872     
   2.7666459249102231       0.97963933135297343     
   2.7760562851990334       0.98116196926183097     
   2.7854666454878436       0.98511415088447429     
   2.7948770057766539       0.99322248577200667     
   2.8042873660654641       0.97986652486750225     
   2.8136977263542744       0.98555560379192075     
   2.8231080866430847       0.99020744432953911     
   2.8325184469318949       0.98212387148244118     
   2.8419288072207052       0.98400048437534848     
   2.8513391675095154       0.99102553584969966     
   2.8607495277983257       0.99007763324567433     
   2.8701598880871360       0.99341244497892889     
   2.8795702483759467       0.99672348325762250     
   2.8889806086647569       0.99755787292792486     
   2.8983909689535672       0.99840064153119501     
   2.9078013292423774       0.99531477901561327     
   2.9172116895311877       0.99844065656432146     
   2.9266220498199980        1.0023292405727044     
   2.9360324101088082        1.0013774976217480     
   2.9454427703976185        1.0015268405120383     
   2.9548531306864287        1.0031986004838314     
   2.9642634909752390        1.0056762112227300     
   2.9736738512640493        1.0032935257910136     
   2.9830842115528595        1.0029268439495287     
   2.9924945718416698        1.0109749310070382     
   3.0019049321304800        1.0145189276090845     
   3.0113152924192903        1.0105627394677201     
   3.0207256527081006        1.0168356096967976     
   3.0301360129969108        1.0076208943172853     
   3.0395463732857211        1.0141295779177868     
   3.0489567335745313        1.0109544197098375     
   3.0583670938633420        1.0090078185782489     
   3.0677774541521523        1.0123473901900619     
   3.0771878144409626        1.0132868081888893     
   3.0865981747297728        1.0161527032220525     
   3.0960085350185831        1.0135459733923136     
   3.1054188953073933        1.0090656182877062     
   3.1148292555962036        1.0101540501214930     
   3.1242396158850139        1.0054128943382945     
   3.1336499761738241        1.0151169181950730     
   3.1430603364626344        1.0121518324110361     
   3.1524706967514446        1.0096434244493810     
   3.1618810570402549        1.0124278964268827     
   3.1712914173290652        1.0163476905633719     
   3.1807017776178754        1.0115092762364821     
   3.1901121379066857        1.0136260107196080     
   3.1995224981954959        1.0144152490243972     
   3.2089328584843062        1.0120512315030010     
   3.2183432187731165        1.0082594464852852     
   3.2277535790619267        1.0163892346212362     
   3.2371639393507370        1.0101561316896635     
   3.2465742996395477        1.0108636442129271     
   3.2559846599283579        1.0039447736712772     
   3.2653950202171682        1.0138799346728478     
   3.2748053805059785        1.0120656803112649     
   3.2842157407947887        1.0125195082117344     
   3.2936261010835990        1.0099521173456090     
   3.3030364613724092        1.0142304849170229     
   3.3124468216612195        1.0067698902441524     
   3.3218571819500298        1.0085748276284834     
   3.3312675422388400        1.0053920261611384     
   3.3406779025276503        1.0014761421195235     
   3.3500882628164605        1.0079548148192594     
   3.3594986231052708        1.0094469352510935     
   3.3689089833940811        1.0042831270065380     
   3.3783193436828913        1.0054486439163619     
   3.3877297039717016        1.0074694219886537     
   3.3971400642605118        1.0005011629798781     
   3.4065504245493221        1.0052048525739512     
   3.4159607848381324        1.0020447054360422     
   3.4253711451269426       0.99928127229165264     
   3.4347815054157533        1.0014387460240226     
   3.4441918657045636       0.99724307746977203     
   3.4536022259933739       0.99910983548953136     
   3.4630125862821841       0.99622756500604159     
   3.4724229465709944       0.99595019363533188     
   3.4818333068598046       0.99989051491949377     
   3.4912436671486149       0.99786677764381582     
   3.5006540274374252       0.99291927980106609     
   3.5100643877262354       0.99786186550236011     
   3.5194747480150457       0.99310151479909536     
   3.5288851083038559       0.99483519460449732     
   3.5382954685926662       0.99954463847997987     
   3.5477058288814765       0.99954638699296539     
   3.5571161891702867       0.99283727871471272     
   3.5665265494590970       0.98932624491191057     
   3.5759369097479072       0.99611620191375050     
   3.5853472700367175       0.99915932193570989     
   3.5947576303255278       0.99365176853196047     
   3.6041679906143380       0.99339152021382426     
   3.6135783509031487       0.99528826011614113     
   3.6229887111919590       0.99228404369051149     
   3.6323990714807692       0.99199090663612943     
   3.6418094317695795       0.99420232399067887     
   3.6512197920583898       0.99146269520065389     
   3.6606301523472000       0.99789504980249899     
   3.6700405126360103       0.99759404221450232     
   3.6794508729248205       0.98964361769341969     
   3.6888612332136308       0.99940958515777689     
   3.6982715935024411       0.99067678128281178     
   3.7076819537912513       0.99336464395755353     
   3.7170923140800616        1.0020545011704936     
   3.7265026743688718       0.99782649241200205     
   3.7359130346576821       0.99533142166573252     
   3.7453233949464924       0.99322449962567716     
   3.7547337552353026        1.0008934420353850     
   3.7641441155241129       0.99434686692177277     
   3.7735544758129231       0.99514905133229858     
   3.7829648361017334       0.99707904701695182     
   3.7923751963905437       0.99449828808725815     
   3.8017855566793544       0.99461151205455711     
   3.8111959169681646       0.99500883444350785     
   3.8206062772569749       0.99915105279821226     
   3.8300166375457851        1.0019029054726849     
   3.8394269978345954       0.99893660856561650     
   3.8488373581234057       0.99603271535611737     
   3.8582477184122159       0.99581610621563998     
   3.8676580787010262        1.0028852069203824     
   3.8770684389898364       0.99699201424594519     
   3.8864787992786467       0.99900021110187875     
   3.8958891595674570       0.99809180083491933     
   3.9052995198562672       0.99860734716179456     
   3.9147098801450775        1.0006728267649565     
   3.9241202404338877        1.0055371394481338     
   3.9335306007226980       0.99921195628308768     
   3.9429409610115083        1.0055656746842239     
   3.9523513213003185        1.0035287450602652     
   3.9617616815891288        1.0041227727849400     
   3.9711720418779390        1.0002257255606237     
   3.9805824021667493        1.0032145854023282     
   3.9899927624555600        1.0009287003542970     
   3.9994031227443703        1.0056317354977162     
   4.0088134830331805        1.0030616838895638     
   4.0182238433219908        1.0056984858459317     
   4.0276342036108010       0.99841350656797689     
   4.0370445638996113        1.0041235300359077     
   4.0464549241884216        1.0031029558922342     
   4.0558652844772318        1.0039873636259651     
   4.0652756447660421        1.0079962179396980     
   4.0746860050548523        1.0021622664721324     
   4.0840963653436626        1.0044970803826050     
   4.0935067256324729       0.99709090523543531     
   4.1029170859212831        1.0054554443029124     
   4.1123274462100934        1.0034856577178781     
   4.1217378064989036       0.99897060095370060     
   4.1311481667877139        1.0048054218046534     
   4.1405585270765242        1.0050498305499711     
   4.1499688873653344        1.0037375775805577     
   4.1593792476541447        1.0011653560226452     
   4.1687896079429549        1.0029161931071933     
   4.1781999682317652        1.0076110302855241     
   4.1876103285205755       0.99931109090334869     
   4.1970206888093857        1.0032274774848287     
   4.2064310490981960        1.0013211003716818     
   4.2158414093870062        1.0024209948822396     
   4.2252517696758165        1.0014173835551623     
   4.2346621299646268       0.99985269141458144     
   4.2440724902534370        1.0034448868459427     
   4.2534828505422473        1.0068778465320585     
   4.2628932108310584        1.0002008424909554     
   4.2723035711198687        1.0011451639949991     
   4.2817139314086790        1.0029654421981795     
   4.2911242916974892        1.0000973292026696     
   4.3005346519862995        1.0036199122370402     
   4.3099450122751097       0.99935907483060038     
   4.3193553725639200        1.0034912274525418     
   4.3287657328527303        1.0011957396595905     
   4.3381760931415405        1.0031989974201834     
   4.3475864534303508        1.0026666304563565     
   4.3569968137191610        1.0008286835071094     
   4.3664071740079713        1.0010284886812884     
   4.3758175342967816       0.99966970863794169     
   4.3852278945855918        1.0038121710771617     
   4.3946382548744021        1.0037223146832297     
   4.4040486151632123        1.0040755581688883     
   4.4134589754520226        1.0006620391933800     
   4.4228693357408329       0.99852806718111287     
   4.4322796960296431       0.99690319310571196     
   4.4416900563184534        1.0015368250561658     
   4.4511004166072636       0.99813862847801293     
   4.4605107768960739       0.99975381967564281     
   4.4699211371848842       0.99765503727366611     
   4.4793314974736944       0.99736957120195624     
   4.4887418577625047        1.0010673670698906     
   4.4981522180513149       0.99730409882268922     
   4.5075625783401252       0.99650039977928306     
   4.5169729386289355       0.99973660267297770     
   4.5263832989177457       0.99848764066525775     
   4.5357936592065560       0.99687752989648681     
   4.5452040194953662        1.0000549065396969     
   4.5546143797841765        1.0001477083340908     
   4.5640247400729868       0.99664404604295542     
   4.5734351003617970        1.0016558912865940     
   4.5828454606506073        1.0024696871269614     
   4.5922558209394175        1.0013649913148610     
   4.6016661812282278       0.99647214456922550     
   4.6110765415170381       0.99928964732415904     
   4.6204869018058483        1.0012003215113461     
   4.6298972620946586       0.99549676392856401     
   4.6393076223834697        1.0015152778735108     
   4.6487179826722800       0.99908516235846867     
   4.6581283429610902        1.0004341448158374     
   4.6675387032499005       0.99999362074379405     
   4.6769490635387108        1.0011298236083506     
   4.6863594238275210       0.99890732414794070     
   4.6957697841163313        0.0000000000000000     
