   0.0000000000000000        0.0000000000000000     
   8.5498797333834840E-003   0.0000000000000000     
   1.7099759466766968E-002   0.0000000000000000     
   2.5649639200150454E-002   0.0000000000000000     
   3.4199518933533936E-002   0.0000000000000000     
   4.2749398666917418E-002   0.0000000000000000     
   5.1299278400300907E-002   0.0000000000000000     
   5.9849158133684389E-002   0.0000000000000000     
   6.8399037867067872E-002   0.0000000000000000     
   7.6948917600451361E-002   0.0000000000000000     
   8.5498797333834836E-002   0.0000000000000000     
   9.4048677067218325E-002   0.0000000000000000     
  0.10259855680060181        0.0000000000000000     
  0.11114843653398529        0.0000000000000000     
  0.11969831626736878        0.0000000000000000     
  0.12824819600075227        0.0000000000000000     
  0.13679807573413574        0.0000000000000000     
  0.14534795546751922        0.0000000000000000     
  0.15389783520090272        0.0000000000000000     
  0.16244771493428620        0.0000000000000000     
  0.17099759466766967        0.0000000000000000     
  0.17954747440105318        0.0000000000000000     
  0.18809735413443665        0.0000000000000000     
  0.19664723386782013        0.0000000000000000     
  0.20519711360120363        0.0000000000000000     
  0.21374699333458710        0.0000000000000000     
  0.22229687306797058        0.0000000000000000     
  0.23084675280135405        0.0000000000000000     
  0.23939663253473756        0.0000000000000000     
  0.24794651226812103        0.0000000000000000     
  0.25649639200150454        0.0000000000000000     
  0.26504627173488798        0.0000000000000000     
  0.27359615146827149        0.0000000000000000     
  0.28214603120165499        0.0000000000000000     
  0.29069591093503844        0.0000000000000000     
  0.29924579066842194        0.0000000000000000     
  0.30779567040180544        0.0000000000000000     
  0.31634555013518889        0.0000000000000000     
  0.32489542986857239        0.0000000000000000     
  0.33344530960195590        0.0000000000000000     
  0.34199518933533934        0.0000000000000000     
  0.35054506906872285        0.0000000000000000     
  0.35909494880210635        0.0000000000000000     
  0.36764482853548980        0.0000000000000000     
  0.37619470826887330        0.0000000000000000     
  0.38474458800225680        0.0000000000000000     
  0.39329446773564025        0.0000000000000000     
  0.40184434746902375        0.0000000000000000     
  0.41039422720240726        0.0000000000000000     
  0.41894410693579071        0.0000000000000000     
  0.42749398666917421        0.0000000000000000     
  0.43604386640255766        0.0000000000000000     
  0.44459374613594116        0.0000000000000000     
  0.45314362586932466        0.0000000000000000     
  0.46169350560270811        0.0000000000000000     
  0.47024338533609161        0.0000000000000000     
  0.47879326506947512        0.0000000000000000     
  0.48734314480285856        0.0000000000000000     
  0.49589302453624207        0.0000000000000000     
  0.50444290426962557        0.0000000000000000     
  0.51299278400300907        0.0000000000000000     
  0.52154266373639258        0.0000000000000000     
  0.53009254346977597        0.0000000000000000     
  0.53864242320315947        0.0000000000000000     
  0.54719230293654297        0.0000000000000000     
  0.55574218266992648        0.0000000000000000     
  0.56429206240330998        0.0000000000000000     
  0.57284194213669337        0.0000000000000000     
  0.58139182187007687        0.0000000000000000     
  0.58994170160346038        0.0000000000000000     
  0.59849158133684388        0.0000000000000000     
  0.60704146107022738        0.0000000000000000     
  0.61559134080361089        0.0000000000000000     
  0.62414122053699428        0.0000000000000000     
  0.63269110027037778        0.0000000000000000     
  0.64124098000376129        0.0000000000000000     
  0.64979085973714479        0.0000000000000000     
  0.65834073947052829        0.0000000000000000     
  0.66689061920391179        0.0000000000000000     
  0.67544049893729519        0.0000000000000000     
  0.68399037867067869        0.0000000000000000     
  0.69254025840406219        0.0000000000000000     
  0.70109013813744570        0.0000000000000000     
  0.70964001787082920        0.0000000000000000     
  0.71818989760421270        0.0000000000000000     
  0.72673977733759609        0.0000000000000000     
  0.73528965707097960        0.0000000000000000     
  0.74383953680436310        0.0000000000000000     
  0.75238941653774660        0.0000000000000000     
  0.76093929627113011        0.0000000000000000     
  0.76948917600451361        0.0000000000000000     
  0.77803905573789700        0.0000000000000000     
  0.78658893547128050        2.1889884742635969E-004
  0.79513881520466401        7.1430207550435306E-005
  0.80368869493804751        2.7976853046068667E-004
  0.81223857467143101        0.0000000000000000     
  0.82078845440481452        2.0130649992815793E-004
  0.82933833413819791        7.8895936667483914E-004
  0.83788821387158141        1.2242027917979371E-003
  0.84643809360496491        3.9788212105367430E-003
  0.85498797333834842        7.1824394504840525E-003
  0.86353785307173192        1.8214600943720096E-002
  0.87208773280511531        3.5133184410037967E-002
  0.88063761253849882        7.2900124835129351E-002
  0.88918749227188232       0.12728873467594037     
  0.89773737200526582       0.20859505495647832     
  0.90628725173864932       0.32506564712736397     
  0.91483713147203283       0.44882257432048545     
  0.92338701120541622       0.61031980521056250     
  0.93193689093879972       0.78844037926292432     
  0.94048677067218323       0.98390905372323956     
  0.94903665040556673        1.1743501247931336     
  0.95758653013895023        1.3589468143357830     
  0.96613640987233373        1.5420526373979886     
  0.97468628960571713        1.7223706202049751     
  0.98323616933910063        1.8714809619660322     
  0.99178604907248413        1.9902914499617774     
   1.0003359288058675        2.0973464642541124     
   1.0088858085392511        2.1134934309083908     
   1.0174356882726345        2.2764704808010716     
   1.0259855680060181        2.2562204903677499     
   1.0345354477394015        2.2611930476818802     
   1.0430853274727852        2.2615270691089071     
   1.0516352072061685        2.2897077500512411     
   1.0601850869395519        2.2776237204023726     
   1.0687349666729355        2.1684489467980290     
   1.0772848464063189        2.1611329836246473     
   1.0858347261397026        2.1670318126387111     
   1.0943846058730859        2.0282165273990276     
   1.1029344856064693        2.0761727029578925     
   1.1114843653398530        1.9518298375037819     
   1.1200342450732363        1.9257859835770135     
   1.1285841248066200        1.8759977966785732     
   1.1371340045400034        1.8082895259233425     
   1.1456838842733867        1.7452519657062928     
   1.1542337640067704        1.7069700467078268     
   1.1627836437401537        1.6381338915771644     
   1.1713335234735374        1.5843025928028398     
   1.1798834032069208        1.5773385784086642     
   1.1884332829403044        1.4927279677851539     
   1.1969831626736878        1.4195823256459161     
   1.2055330424070712        1.4051314969933262     
   1.2140829221404548        1.3668748112986031     
   1.2226328018738382        1.3043656221467181     
   1.2311826816072218        1.2600423552242581     
   1.2397325613406052        1.2331207712966705     
   1.2482824410739886        1.1803349997518391     
   1.2568323208073722        1.1675001664920279     
   1.2653822005407556        1.1310133505911701     
   1.2739320802741392        1.1296921931299486     
   1.2824819600075226        1.0642184636565972     
   1.2910318397409062        1.0429289373828230     
   1.2995817194742896        1.0600850190172268     
   1.3081315992076730        1.0064285438034253     
   1.3166814789410566       0.99661234051217484     
   1.3252313586744400       0.98860486134954806     
   1.3337812384078236       0.94600446081665712     
   1.3423311181412070       0.94118944042033970     
   1.3508809978745904       0.91841716040195243     
   1.3594308776079740       0.87375208490725764     
   1.3679807573413574       0.86565542972473064     
   1.3765306370747410       0.85433347423783390     
   1.3850805168081244       0.84828170829339600     
   1.3936303965415078       0.83349717300997883     
   1.4021802762748914       0.81574647634290665     
   1.4107301560082748       0.82516765552967408     
   1.4192800357416584       0.79954266009516839     
   1.4278299154750418       0.78792387892581084     
   1.4363797952084254       0.78063034830454270     
   1.4449296749418088       0.77531838684180887     
   1.4534795546751922       0.77445785816021484     
   1.4620294344085758       0.78698486702379933     
   1.4705793141419592       0.73638380739376785     
   1.4791291938753428       0.74409860040920672     
   1.4876790736087262       0.74554272663751120     
   1.4962289533421096       0.74346636804180122     
   1.5047788330754932       0.71810577278723109     
   1.5133287128088766       0.72721976152751278     
   1.5218785925422602       0.73256261492513342     
   1.5304284722756436       0.73740990805995488     
   1.5389783520090272       0.72907421639230430     
   1.5475282317424106       0.72035932908128952     
   1.5560781114757940       0.73751681941872549     
   1.5646279912091776       0.73405993908821865     
   1.5731778709425610       0.73350790914608510     
   1.5817277506759446       0.73345732807378350     
   1.5902776304093280       0.73405558742577504     
   1.5988275101427114       0.74449174980871435     
   1.6073773898760950       0.76216354755728755     
   1.6159272696094784       0.75903425768540433     
   1.6244771493428620       0.74992750472040048     
   1.6330270290762454       0.74036602713898625     
   1.6415769088096290       0.76225813834271594     
   1.6501267885430124       0.79877040659527143     
   1.6586766682763958       0.77968784009067682     
   1.6672265480097794       0.78966401165802780     
   1.6757764277431628       0.79009344702432582     
   1.6843263074765464       0.81836830478695544     
   1.6928761872099298       0.80960770414899574     
   1.7014260669433132       0.81841956895115653     
   1.7099759466766968       0.82976645478418531     
   1.7185258264100802       0.84377437451553838     
   1.7270757061434638       0.84847190427903363     
   1.7356255858768472       0.85174089794127650     
   1.7441754656102306       0.87218652623485504     
   1.7527253453436142       0.89756748079540061     
   1.7612752250769976       0.89484842419788202     
   1.7698251048103812       0.89878725293104689     
   1.7783749845437646       0.93182332080467778     
   1.7869248642771483       0.93178694993311029     
   1.7954747440105316       0.90324608579355969     
   1.8040246237439150       0.95677977652792767     
   1.8125745034772986       0.95875357532552175     
   1.8211243832106820       0.96339417050033826     
   1.8296742629440657       0.97513257535346221     
   1.8382241426774490       0.99202996519709363     
   1.8467740224108324        1.0122977700518834     
   1.8553239021442161        1.0099074092190115     
   1.8638737818775994        1.0424846674784112     
   1.8724236616109831        1.0246799638934903     
   1.8809735413443665        1.0565731702899603     
   1.8895234210777501        1.0636159787816273     
   1.8980733008111335        1.0765820511636384     
   1.9066231805445168        1.0812384857331170     
   1.9151730602779005        1.0834243283250604     
   1.9237229400112839        1.0945690538005497     
   1.9322728197446675        1.1288198971335053     
   1.9408226994780509        1.1107023526066970     
   1.9493725792114343        1.1287664354998859     
   1.9579224589448179        1.1236040236206448     
   1.9664723386782013        1.1487690624819127     
   1.9750222184115849        1.1421772026214534     
   1.9835720981449683        1.1473438957061981     
   1.9921219778783517        1.1587263811562487     
   2.0006718576117350        1.1575331007963066     
   2.0092217373451189        1.1544253346057010     
   2.0177716170785023        1.1483997426130634     
   2.0263214968118857        1.1703580143744201     
   2.0348713765452691        1.1551892344923964     
   2.0434212562786525        1.1554511608121671     
   2.0519711360120363        1.1602847329683545     
   2.0605210157454197        1.1527744288941952     
   2.0690708954788031        1.1561818985378272     
   2.0776207752121865        1.1568168338641454     
   2.0861706549455703        1.1436651681236123     
   2.0947205346789537        1.1357275463231027     
   2.1032704144123371        1.1342641125590656     
   2.1118202941457205        1.1424768525929281     
   2.1203701738791039        1.1236739173106540     
   2.1289200536124877        1.1372880472590092     
   2.1374699333458711        1.1298150789424912     
   2.1460198130792545        1.1215441250618876     
   2.1545696928126379        1.1087326162738063     
   2.1631195725460213        1.1032079604752896     
   2.1716694522794051        1.0996802139166773     
   2.1802193320127885        1.0847718224078242     
   2.1887692117461719        1.0730822135137126     
   2.1973190914795553        1.0814252871782233     
   2.2058689712129387        1.0767536663049539     
   2.2144188509463225        1.0607476183973159     
   2.2229687306797059        1.0561018439286121     
   2.2315186104130893        1.0439511336604654     
   2.2400684901464727        1.0442099591784699     
   2.2486183698798561        1.0411525680088414     
   2.2571682496132399        1.0291707134090802     
   2.2657181293466233        1.0253955549463947     
   2.2742680090800067        1.0223344001759107     
   2.2828178888133901        1.0056727630784006     
   2.2913677685467735        1.0092369638496947     
   2.2999176482801573        1.0110908108883834     
   2.3084675280135407       0.99280442385965895     
   2.3170174077469241       0.98412232968597091     
   2.3255672874803075       0.97602651782668248     
   2.3341171672136913       0.97528593764453841     
   2.3426670469470747       0.97909395245506814     
   2.3512169266804581       0.96756917545683441     
   2.3597668064138415       0.97498045521468968     
   2.3683166861472249       0.94854091874599100     
   2.3768665658806087       0.96782192851874649     
   2.3854164456139921       0.95680686179149288     
   2.3939663253473755       0.95592162778418244     
   2.4025162050807589       0.95250711867008253     
   2.4110660848141423       0.93894199307512372     
   2.4196159645475261       0.94458435756349457     
   2.4281658442809095       0.94144579416028895     
   2.4367157240142929       0.94351926076231185     
   2.4452656037476763       0.94614311014651875     
   2.4538154834810597       0.93115733001878098     
   2.4623653632144435       0.94128989816491071     
   2.4709152429478269       0.92146405395332365     
   2.4794651226812103       0.93422821500306386     
   2.4880150024145937       0.91994059393745564     
   2.4965648821479771       0.92316849615497787     
   2.5051147618813610       0.92444855438346552     
   2.5136646416147443       0.92577052776913116     
   2.5222145213481277       0.92709720197171186     
   2.5307644010815111       0.92512022196945720     
   2.5393142808148945       0.92273365025889775     
   2.5478641605482784       0.92100541050102380     
   2.5564140402816617       0.92777787893499408     
   2.5649639200150451       0.93406846174431135     
   2.5735137997484285       0.93207170592132138     
   2.5820636794818124       0.93377899438527157     
   2.5906135592151958       0.93256115911920689     
   2.5991634389485792       0.92662321065905262     
   2.6077133186819625       0.95038238555383736     
   2.6162631984153459       0.93160245267888731     
   2.6248130781487298       0.94477543724963153     
   2.6333629578821132       0.94827616926617553     
   2.6419128376154966       0.95997624125903280     
   2.6504627173488799       0.95263266520992562     
   2.6590125970822633       0.95557286249010054     
   2.6675624768156472       0.95824203500908889     
   2.6761123565490306       0.96298623753381674     
   2.6846622362824140       0.96761268324339600     
   2.6932121160157974       0.95543920532547300     
   2.7017619957491807       0.96202908503615270     
   2.7103118754825646       0.97445361175353473     
   2.7188617552159480       0.97010675543367131     
   2.7274116349493314       0.98361164648481025     
   2.7359615146827148       0.98463647430109891     
   2.7445113944160981       0.98567876223668383     
   2.7530612741494820       0.99285179265354784     
   2.7616111538828654        1.0032496462426459     
   2.7701610336162488       0.99036963377314435     
   2.7787109133496322       0.98902165959418775     
   2.7872607930830156        1.0036106699083673     
   2.7958106728163994        1.0086464857912958     
   2.8043605525497828        1.0062291304221564     
   2.8129104322831662        1.0083017321771006     
   2.8214603120165496        1.0087115296248044     
   2.8300101917499334        1.0010491967960893     
   2.8385600714833168        1.0151858779434586     
   2.8471099512167002        1.0202820952332390     
   2.8556598309500836        1.0160338257212349     
   2.8642097106834670        1.0261439773433623     
   2.8727595904168508        1.0250786949888671     
   2.8813094701502342        1.0326371338351834     
   2.8898593498836176        1.0254061279426332     
   2.8984092296170010        1.0369321849324618     
   2.9069591093503844        1.0219033432981417     
   2.9155089890837682        1.0460106749603613     
   2.9240588688171516        1.0474493227182506     
   2.9326087485505350        1.0531482125934868     
   2.9411586282839184        1.0492249215177516     
   2.9497085080173018        1.0346660478903698     
   2.9582583877506856        1.0384342287507022     
   2.9668082674840690        1.0426148838672817     
   2.9753581472174524        1.0431848722048400     
   2.9839080269508358        1.0407405336947175     
   2.9924579066842192        1.0303819439352702     
   3.0010077864176030        1.0398938844103498     
   3.0095576661509864        1.0454175945754636     
   3.0181075458843698        1.0382640235740637     
   3.0266574256177532        1.0480326932512352     
   3.0352073053511366        1.0387232588616286     
   3.0437571850845204        1.0430173677982411     
   3.0523070648179038        1.0395493812015604     
   3.0608569445512872        1.0405212664973866     
   3.0694068242846706        1.0425560468933135     
   3.0779567040180544        1.0311094055671854     
   3.0865065837514378        1.0350934361995525     
   3.0950564634848212        1.0212376517603641     
   3.1036063432182046        1.0353125608490237     
   3.1121562229515880        1.0347930431461487     
   3.1207061026849718        1.0281898128049121     
   3.1292559824183552        1.0297480119635483     
   3.1378058621517386        1.0124321768446198     
   3.1463557418851220        1.0241532404945684     
   3.1549056216185054        1.0205746591616855     
   3.1634555013518892        1.0185403597307106     
   3.1720053810852726        1.0192577151645552     
   3.1805552608186560        1.0140312120984070     
   3.1891051405520394        1.0257609178145994     
   3.1976550202854228        1.0174183981193474     
   3.2062049000188066        1.0204270983445434     
   3.2147547797521900        1.0092223150857580     
   3.2233046594855734        1.0050988287909566     
   3.2318545392189568        1.0050884594180807     
   3.2404044189523402        1.0069632808399174     
   3.2489542986857241        1.0119603374942314     
   3.2575041784191074        1.0132159608374651     
   3.2660540581524908       0.98787015912340470     
   3.2746039378858742       0.97988200650893897     
   3.2831538176192581       0.99758040375962553     
   3.2917036973526415        1.0031047834783171     
   3.3002535770860248       0.99897496307321010     
   3.3088034568194082       0.99011542626455074     
   3.3173533365527916       0.98537009325855174     
   3.3259032162861755       0.98884263336909273     
   3.3344530960195589       0.99135127599288464     
   3.3430029757529423       0.98962291437179395     
   3.3515528554863256       0.98466537294784895     
   3.3601027352197090       0.98267594935453684     
   3.3686526149530929       0.97928709126182600     
   3.3772024946864763       0.97378966722847982     
   3.3857523744198597       0.99164965005665329     
   3.3943022541532430       0.97570075533128753     
   3.4028521338866264       0.98923965909607869     
   3.4114020136200103       0.98901047456198932     
   3.4199518933533937       0.98389613616401395     
   3.4285017730867771       0.96781511375920404     
   3.4370516528201605       0.98341704866359891     
   3.4456015325535438       0.97737939239598526     
   3.4541514122869277       0.97469065163822310     
   3.4627012920203111       0.97991095063552114     
   3.4712511717536945       0.98665100464018962     
   3.4798010514870779       0.97573682362496261     
   3.4883509312204612       0.97234278055093937     
   3.4969008109538451       0.98136012433338116     
   3.5054506906872285       0.98022775525053274     
   3.5140005704206119       0.97707417262842655     
   3.5225504501539953       0.97476036265505484     
   3.5311003298873791       0.97975311148336985     
   3.5396502096207625       0.98033392225022264     
   3.5482000893541459       0.99637527591676711     
   3.5567499690875293       0.98636369865947315     
   3.5652998488209127       0.97515792276280067     
   3.5738497285542965       0.98104802507483924     
   3.5823996082876799       0.98718860266323827     
   3.5909494880210633       0.99305168321291903     
   3.5994993677544467       0.98684124059807232     
   3.6080492474878301       0.98815441596423947     
   3.6165991272212139       0.98465122165550467     
   3.6251490069545973       0.98436916636600758     
   3.6336988866879807       0.98916729760005118     
   3.6422487664213641       0.98738622726706216     
   3.6507986461547475       0.99121825643880013     
   3.6593485258881313       0.98677738854090891     
   3.6678984056215147       0.99565291999855021     
   3.6764482853548981       0.99117361211999833     
   3.6849981650882815       0.99475941948712476     
   3.6935480448216649       0.99644146305974490     
   3.7020979245550487       0.99350901336713793     
   3.7106478042884321       0.99654610251813580     
   3.7191976840218155       0.99699716221835588     
   3.7277475637551989       0.98829548831173020     
   3.7362974434885823        1.0007155498962996     
   3.7448473232219661        1.0097166590485027     
   3.7533972029553495       0.99329281396182700     
   3.7619470826887329        1.0061690470039524     
   3.7704969624221163        1.0012877208492574     
   3.7790468421555001        1.0029296097719407     
   3.7875967218888835        1.0036264714107126     
   3.7961466016222669        1.0072831961634987     
   3.8046964813556503        1.0072110994954169     
   3.8132463610890337        1.0144591809692722     
   3.8217962408224175        1.0071878321808994     
   3.8303461205558009        1.0145664053464487     
   3.8388960002891843        1.0109504412856036     
   3.8474458800225677        1.0140092109013150     
   3.8559957597559511        1.0112707432158639     
   3.8645456394893349        1.0107890454984871     
   3.8730955192227183        1.0150326546976021     
   3.8816453989561017        1.0103378797777740     
   3.8901952786894851        1.0150963113030680     
   3.8987451584228685        1.0085698375987282     
   3.9072950381562523        1.0119310936453503     
   3.9158449178896357        1.0143502313571131     
   3.9243947976230191        1.0036687044830386     
   3.9329446773564025        1.0106631346526320     
   3.9414945570897859        1.0168959005341502     
   3.9500444368231697        1.0171655840738782     
   3.9585943165565531        1.0152357111237504     
   3.9671441962899365        1.0175579920233326     
   3.9756940760233199        1.0122387135482742     
   3.9842439557567033        1.0149819518117720     
   3.9927938354900872        1.0087530016491031     
   4.0013437152234701        1.0081211810388442     
   4.0098935949568544        1.0172138149509544     
   4.0184434746902378        1.0155061088066220     
   4.0269933544236212        1.0124151159367718     
   4.0355432341570046        1.0149148523717519     
   4.0440931138903879        1.0119023062908667     
   4.0526429936237713        1.0098484103935552     
   4.0611928733571547        1.0153406188893508     
   4.0697427530905381        1.0142369638576081     
   4.0782926328239215        1.0068790223150024     
   4.0868425125573049        1.0018375010478811     
   4.0953923922906892        1.0076624508700418     
   4.1039422720240726        1.0135844980288800     
   4.1124921517574560        1.0020989958232036     
   4.1210420314908394        1.0116370912771839     
   4.1295919112242228        1.0069219074766931     
   4.1381417909576061        1.0084830167941781     
   4.1466916706909895        1.0010344534649966     
   4.1552415504243729        1.0078642359903454     
   4.1637914301577563        1.0102217679464127     
   4.1723413098911406       0.99930709479712065     
   4.1808911896245240       0.99342571293458548     
   4.1894410693579074        1.0006231496135967     
   4.1979909490912908        1.0014896089977627     
   4.2065408288246742        1.0033178114094050     
   4.2150907085580576        1.0096725457259554     
   4.2236405882914410       0.99546335880583126     
   4.2321904680248243        1.0007834819054153     
   4.2407403477582077        1.0006534069482733     
   4.2492902274915911       0.99894790756073315     
   4.2578401072249754        1.0059561246247120     
   4.2663899869583588        0.0000000000000000     
