   3.6749680829747349        15.944907876274257        20.291735931398296     

   6.2085672940990237        17.111513405047425        27.113378309014351     

   3.5746997858423715        26.804578161110566        29.814541829823266     

   29.571646281167585        29.487054882351092        21.135595297445150     

   11.764592844609124        21.344120869135168        12.090473079266348     

   3.5878112791776871        28.025935425396671        17.054754984775773     

   9.8108125166434039        17.136909912596586       0.51733973755910245     

   31.175197258492215        7.9599729379255333        18.026531193095295     

   25.075751932993494        17.246608225069316        30.653528039404954     

   19.027560770436690        26.511226097741911        12.532907250352249     

   12.375598957757610        10.888975799587213        23.989971637333717     

   24.537764827772978        10.690411296236034        22.496946732069951     

   28.151441548215807        7.5038754937148759        27.671429243591231     

   3.7885408862801535        11.523928315289293        14.042365789603275     

   26.384058138562668        25.233274772017211        19.909393968432472     

   7.8529267536804417        27.955062858120662        24.045365114795118     

   29.064012297141101        2.1903192971769041        2.0984764343677056     

   31.210091387854142        17.117589120349212        30.095365727319646     

   16.557242294755262       0.57817590687263232        4.8913884943861836     

   22.794278112072650        16.114515075996540        13.170833952439166     

   6.0986446970221664        10.729451113657305        16.184714131768736     

   8.3460506075266849        26.092368545461465        5.2633831118014927     

   3.8746548182484712        4.3969560410704016        20.092450540632200     

   21.958056449631634        16.933099512926827        27.895919444716565     

   18.393877690588187        5.8092427616570514        16.494014791076413     

   1.4118409882605674        18.792122605448700        15.770245217976619     

   2.1015954361006339        25.573344478189728        3.1812623461050653     

   21.191072284532382        3.1390242813917744        20.935222653424297     

   5.2451280990186744       0.64575456299955492        8.7013279830401196     

   15.616213761081989        14.057176891023460        25.143344790235894     

   2.3744472554633340        9.1008725903573549        15.697439572504102     

   26.408852556683144        16.938587265878017        18.345345531935696     

   31.303896008071650        14.069918032797306       0.26993402373081327     

   12.566851081666380        29.567741401957658        21.766652474213451     

   29.190959937314592        3.7667635537159621        26.644568009313446     

   29.507687379970314        13.132527029834758        13.684860054716104     

   30.211788303017528        18.542162153513626        27.225762123846867     

   5.0244492380331414        9.5694716621408009        26.542162026981821     

   1.6703004558938024        4.5860615296894904        4.5806127994957091     

   19.796576617574399        10.025842765410202        3.6330836490298464     

   15.701937896240755        5.5462689185950493        24.176088222361656     

   6.4856693459494998        7.6350104270088668        22.572633500358656     

   31.702998979178812        24.476068198934261        23.591375203050884     

   24.723285245780009        24.519880456787654        6.3480556390828919     

   7.6121777062721234        24.201033022929639        16.847200249286978     

   6.8898992924583382        3.2982980905844221        1.2982833546932195     

   4.7238283496927913        5.2339463276026148        10.430221231386888     

   21.496629158288361        25.945757559952483        1.6937744047901322     

   12.544243078085666        20.206603485002834        18.701273822437127     

   16.864253505717677        13.962193434970992        6.7479744370282777     

  0.46494156067086062        14.343742847430493        23.328656097469512     

   13.297486097951985        20.735334179656519        7.6029618598069000     

   31.006145285236389        1.4104697425921351        21.764109989901900     

   25.023384697084300        21.043856207545140        12.855248699947582     

   3.5892950460724395        31.434795783903603        20.938292496496103     

   17.738606068207687        14.838849518049649       0.92640898036479524     

   31.623245642038398        14.578081177020445        7.7580248413456054     

   14.904872079816279        19.913825999884850        14.414788918408858     

   7.8692572781979671        11.538964578101069        10.654578235326674     

   5.7430858187525464        7.1501727485348203        30.443456587782659     

   13.405873778671713        13.372162979028021        21.479927378623806     

   30.620639261049718        16.995920231580875        2.8645161011604978     

   20.626375121273771        9.8387077331956476        23.533792340749034     

   18.033445235465074        29.244177481210016        15.618809691235851     

   19.935616254443453        15.343112020021586        10.155635096854319     

   6.4380345794756266        16.176537848489144        31.614700748376283     

   7.1053079180363943        31.677864137576002        25.299313727096898     

   15.634591751041862       0.71227056778617714        1.1958120867867732     

   15.939763516783927        9.0735747882339108        23.429059448439627     

   23.372181816981669        7.1554397809913297        6.1334636149414186     

  0.16314333156873639        23.918026919539997        8.4199873704452241E-002

   8.1986966844178628        31.810552739293446        7.7407221591737647     

   14.726246145247528        10.433502057275089        1.1557868358868153     

   4.2376389742545593        24.531257182968893        25.030474433671376     

   16.444030453814655        26.215286739999510        26.455620082224918     

   18.699616196133885        3.5632157865284042        13.687608969995074     

   29.156162429395010        5.7477849735356727        21.929036801435956     

   11.013449136142180        13.949494243295408        24.875417215557952     

   13.080342961368393        24.738276999436454        30.548911850210519     

   2.6378394006800381        8.0631234594222381        24.233304446541904     

   19.588116183076785        14.542182215438155        28.863663720712847     

   2.3914646589973962        30.118857872869427        12.536043962123886     

   31.604566789270606        31.464490857845558        2.5611644954086858     

   8.9617640081399603        13.736067616483592       0.67159980059510949     

   8.6059607892516503        18.702118080856533        21.881065335585141     

   23.342130284590848        24.686160816453022        27.449621740699790     

   27.637488124936009        4.5228049005441049        18.701975784180707     

   5.5520604845629942        5.7640158620115809        16.952025435011183     

   30.220117695371275        21.592027045783894        25.513054110190758     

   5.5681964098550258        20.082225010623112        30.073648900618995     

  0.70316673429508325        14.636312618645917        15.387521620551835     

   13.293515500025487        15.100711209860439        13.623145288732614     

   8.9813466970755798        3.7184749826169070        20.535650674907160     

   26.127423878339485        29.621195774197389        14.534861782502002     

   17.619018653941662        11.004700469396766        26.873606495924399     

   1.2934585276208370        27.077032758199636        10.003827674583636     

   12.693968765246369        16.070306944615382        7.5213372925429258     

   15.343999573171738        5.9780868386784913        12.849546347666479     

   1.2007689804824633        23.109737940738945        28.401228287420778     

   22.002782725288849        9.7876269610462323        26.786612659023355     

   19.196239493846278        3.1634549404063357        23.848801913603392     

   10.735536845961262       0.32391777173058478        19.945256907842708     

   7.8556898010887712        19.836594161631382        6.4361287501212594     

  0.21397821173109349        10.604403186670918        2.5613871470274234     

   24.341658838465595        9.4078091088183804        11.384959167701608     

   9.5156501074021875        3.2795840187358407        14.861799099759081     

   11.137513707608191        26.919658050948410        3.4697656614617225     

   26.352124683307441        4.1004809669396831        24.400802909327087     

   22.373105187824148        8.3937716834130960        20.499634709747593     

   19.744345162597561        28.031080496836026        18.885587166775348     

   11.533575642755464        7.7358261833530308        4.6223054694674142     

   9.4232554849655212        16.115183222551597        11.160745340994335     

   15.996585143120512        6.4748157766733154        20.103902717113840     

   30.920251077857642        4.7730922521822317        16.847358669769861     

   21.070096801826381        22.187433114700394        7.5848067197624127     

   16.990946487866683        18.695021106761960        20.286753460059522     

   17.561284636544293        1.9249844292218987        9.3607021010480960     

   19.791572751994060        6.4371633188208532        4.9049824141330909     

   1.2890178759705790        30.296961552054672        29.511007930551795     

   25.049778858559680        8.2166172574170346        25.598045996157861     

   8.9530398210576188        7.7426980707025885        32.040839754633943     

   23.886815323210534        3.3965501415756743        5.5220256316091687     

   16.233973093440596        15.228905223143961        10.415608767402134     

   19.937504534245797        29.515221384193261        28.482306773493008     

   30.666102598955124        23.148110565754102        7.8634931033116473     

   22.335427302522451        8.3660345150276889        31.601534503810583     

   24.492435029363953        26.884632837777364        24.500237143552901     

   2.6789811477986261        5.7154257911943400        29.767975127933028     

   14.775769924731277        28.986803431784619        18.381879888631950     

   3.4482009816057917        19.447221412592011        22.502747894927751     

   27.095192727161418        13.103507037385087        18.425772137145131     

   8.5895040894240982        26.941189574127225        12.069643244609527     

   21.930629297597775        2.7423341282567160        28.070090905799777     

   30.663673857333102        4.4428522848633465        30.694528511467720     

   8.2273525919735615        25.854167572962581        21.086998489308556     

   11.318516434600907        26.878609650830377        23.506195734474055     

   26.540866516174454        19.742258614614112        24.660850363516243     

   5.3163901716386732        19.428862650148378        9.4139113289941978     

   31.273666105265768        19.175411554508106        22.462821031309218     

   19.326526869306836        10.482878776584345        10.589153306479433     

   4.2397512910600268        10.548600389711263        8.8239321528289043     

   12.726476750079621        7.7718587988724437        1.1054793811962969     

   25.637138882957981        28.416991748376823        27.678238195279935     

   22.168473195859985        5.1331904295124238        24.013983061382863     

   31.543411309405833        1.3089353793503531        31.742891488165132     

   14.034039755751573        11.242600161092938        28.240687563907816     

   22.010717220690125        25.281264365267226        14.108084400812217     

  0.57182786554807508        14.542112419114618        27.019719349034062     

   5.0340946170701937        29.939346606520004        29.531404902821638     

   3.6943133074227594        11.861855142631965        18.305704758929416     

   24.821271825283837        5.7657239938558389        12.917712494168697     

   12.924936405421294        2.0637359906176469        21.715263518971248     

   17.467040390269670        30.593597559649599        31.118198313383644     

   10.493855699930050        1.4361859117749487        23.705811837167786     

   8.0052001978082110        22.733187272488660        2.1077586841384939     

   21.968679966393911        6.4960784559297178        27.405858659221007     

   20.906347437027797        4.4816353982528518        1.4893533451423224     

   9.9582394941187751        7.4830951501011755        21.039527041654299     

   4.3142770690227668        8.6505480608245868        20.033175729069715     

   28.136817044336205        20.241834978925120        18.923173088467745     

   28.194502916223740        15.478213679901632        27.645872596623015     

   6.4461566779967949        29.802145189013007        9.7984571645247538     

   9.7627987801178424        15.130190203364954        4.3414685360698666     

   21.761143189314197        19.552462677372329        21.026821727264803     

   14.161244386231109        26.941291983047751       0.81633590385543287     

   19.010697385817458        6.7121367661029163        22.123066568295059     

   20.077448783134709        7.4269381380349655        12.801359396876473     

   12.152511770692939        23.798444025454724        1.9230088902377827     

   27.667976285649889        28.071567550428767        18.323962669233762     

   13.372759505383680        16.985332667860686        27.759411613199248     

   9.3098172240941519        22.362571514927339        8.7449669905155645     

   19.460603315076128        21.895488564505204        19.903989086336779     

   24.663425013491185        20.899139246914107        6.7761986828337948     

   6.8132238253304296        25.132080103232969        31.250118494666268     

   27.303282787314043        14.212248973588046       0.96056199493977634     

   4.0213585399670064       0.96463767732431882        26.627034853361646     

   7.8007751641334107        12.650702185006296        14.132437384086685     

   13.159912764676655        10.547751286728101        11.534592113555718     

   5.9942426726733853        1.7186892015020685        21.587515998292929     

   24.690664654842266       0.69361507805547928        2.4804809792592590     

   23.577378663416283        21.803310846433007        17.859619404814698     

   20.887996503091699        26.770207269790980        26.132759681767059     

   20.630654298312773        20.766086679981086        25.872653641143096     

   6.5769034339458026        14.272871961494022        18.500665583967628     

   7.1940471264388224        28.812731363601465       0.17801890258645398     

   16.171944134869950       0.41065087321853222        23.388629573755036     

   13.030140446612620        30.729686820060294        1.6562412537014828     

   20.882512328846619        21.164144892424584        1.6117779835211443     

   7.1988650222655757        9.7146343328944784        5.8732877698953203     

   31.070593813408141        9.0288745664797947        14.020602338655573     

   18.889904770302774        6.1753873476461045        25.936363191397046     

   30.539625391653118        28.938926191693287        7.1978587820614601     

   22.111209798691291       0.49532649194780898        11.867258114907976     

   16.591726515913628        22.027195720628828        8.6409437836437153     

   2.4323465213254258        8.1332710339501073        5.6066943014185338     

   7.8228056418494134        3.5524352728650586        8.5652388690449737     

   23.347606405243027       0.95674747053037379        30.716317298630877     

   12.675476534976960        24.290862594018041        25.828535847381165     

  0.43400828566584615        28.234601304755927       0.57387542298327465     

   15.924994099406915        25.206075575517321        7.0667662611095690     

   9.2399573034028428        28.651386109189545        18.465524119546668     

   7.2365386192543841        16.310087455668512        15.443362773244260     

   6.2000852579478103        29.054702585395205        14.206904869104578     

   2.2816617071143903        20.785144824387775        25.444201271818354     

   17.097625137063506        21.307513066991792        26.945853203202599     

   13.346568229616830        3.0321985643510563        11.067274828828975     

   2.3100983712719234        24.744784523305089        21.170991274083033     

   11.121182396033984        11.114243292790352        31.322272031693188     

   28.509632898779827       0.93916233019916373        17.270127516963754     

   28.924112638496389        28.547422308744050        1.1281850858529023     

   9.3589838561924097        1.7191450126501719        4.8906152249456269     

   8.6141559937055643        13.266861790971403        7.4661086155135896     

   28.687118807790561       0.25313024191930455        29.480764933326839     

   14.878611343958383        20.531360045223312        3.4316855428003423     

   10.173187306969924        29.551910342304623        25.842120071067338     

   8.2196561203945073        11.486117239181157        29.356206966988069     

   19.938909124272712        15.552855336418832        24.642279248448848     

  0.53575149246248455        3.0760181218807974        28.081074651018923     

   14.517622314979535        3.4257813059907987        18.459300457104039     

   22.430801130240997        24.567923219958548        22.360579844216442     

   1.5580504307553775        26.116671618884876        6.6219013163390761     

   19.828520745672662        20.315179249851173        30.140227523345640     

   4.1480751483706149        25.710641496320655        13.074530704966831     

   23.672810734478606        15.493130279263395        8.7808208222084829     

   7.8871487311744577        24.446691225508545        25.264279896527551     

   6.8809074671923938        26.297764003654809        27.827964004312562     

   19.608755416457456        10.205012445966902        14.810082237321541     

   12.250046061740514        8.4013242019451848        26.164032514564905     

   23.888495410675663        5.0506746242665876        19.204589646741123     

   25.178489677759568        4.8602994806133824        28.587421908026517     

   14.315197938899564        3.7519945335996856        2.5190737802653769     

   31.069461940333284        31.896121757798898        9.3417281230080853     

   3.3929825442277251        8.7981542004541478       0.17026349375371705     

   10.529037471754750        26.630580931581310        8.0746319325442725E-002

   9.9115781014548716        26.674969065972640        15.878249203972185     

   2.7128783931940799        17.432469491345120        25.412123708176839     

   12.053974123446286        30.701634909750538        16.630261597625953     

   15.479453672041656        27.104107060250740        22.899083264631866     

   21.971513015783792        28.481453296138476        5.1457262287345493     

   7.8386715683661174        5.1747776807905472        5.5992547155012797     

   25.054360437194873        1.4794684583195212        10.042544048456481     

   1.7834298048042541        11.172946598450624        25.017441468889036     

   6.3879650582184695        9.4092268643119717E-002   12.151224207714646     

   26.951025226502924        19.705011260284024        1.6388039419175866     

   4.8016518063136475        27.759087545545036        22.433269682005545     

   3.5635862980012787        21.861665873191495        1.0065604966686548     

   9.2172742827181633        19.293377022690382        16.311961270901474     

   17.486515486564375        2.5831174552637650        19.150483756562210     

   8.7682512456431336        8.2518445433734886        17.330161430625882     

   23.365920101603042        23.191075152016467        3.0661548209450409     

   30.866054860564105        27.427581610895913        29.625647808142613     

   19.801237670213990        27.150003127503929        22.285747345866238     

   28.929744952298211        6.2345436925242685        12.044445025070960     

   12.400343696687012        12.525410426751945        8.5241097179540901     

   26.972130967387802        23.662100557498132        27.526599313844457     

   19.932784771004865        9.0348958414531531        18.244002506601468     

   16.111598896867893        21.061992088381619        31.667977360311433     

   22.731024402161982        8.2144418468952392        16.580050032092004     

   11.488484179484429        4.1213390925986699        8.3912637241711998     

   12.389155953732649        26.510330002438298        19.242923136261751     

   26.188540861257589        15.739982552717551        11.088746496845152     

  0.95059077629240396        4.2394429934718776        13.986356419626073     

   12.527997682795480        18.497386791602622        31.123463763148493     

   3.3663954377994600        12.063999832956025        4.1181114587050862     

   10.303430246458435        11.072353007203906        16.458062943650624     

   29.027687060797685        23.980229542908091        30.271530482405936     

  0.41269834290911356        28.011752218302242        23.514796640318021     

   9.0499580345560826        4.6070475836716707        30.662002171951215     

   8.3481006549548447        21.932616018775303        27.492113865758650     

   28.520197931603182        2.1395430110704750        9.7317724666330516     

   22.591847198306322        12.874568057928162        24.908705587511776     

   10.719896697781120        19.379822066282909        3.4069172721865963     

   16.749409315149652        8.3241212977717947        29.899144133766267     

   4.3743211982297092        16.921950414688258        3.6795198672188381     

  0.86961951669008397        1.1333783297085978        17.206149588282333     

   14.979348169079111        24.676449613251627        15.646037276115234     

   21.063733560119005       0.55800982481562322        1.6381166066137711     

   13.693333568665230        16.270356199315486        19.861864597250076     

   21.338946603572673       0.28121242999647172        4.9374805501823280     

   24.370771552954498        30.224864604647092        7.8841641654180403     

   5.8633009448493585        21.242572791759322        25.238721034135004     

   14.972162309504503        16.745251530145858        16.963719999654423     

   12.405008450635519        31.009484527501929        4.8463495836651607     

   30.897285670556919        18.895038584895776        6.6078281869821351     

   17.270415936376374        13.665321834061452        16.211992022807951     

   5.6718908557297825        3.8413839609521099        13.415652965210247     

   24.135555914387673        18.242577812264127        16.352045764874557     

   24.497130367515616        22.054510602282985        22.727067688431795     

   17.021548252196137        11.771989163008039        30.985902592290298     

   4.9543551392151919        26.875632433358941        8.4230102647080738     

   19.096920798931272        1.2752171110881514        29.600119770363381     

   4.2526186459552653        23.107969313298224        9.5218507834567720     

   30.491095008774323        1.8567484746775200        12.325856608958633     

   4.4254250168122837       0.20759385747700301        15.630049349751214     

   17.366453425516827        18.137462101641731        26.597987672408426     

   18.904970633966514        24.480309488334850        16.962268950939023     

   20.780171860471089        17.806801579773602       0.79645665075200212     

   11.969188015664880        5.5531017083795069        29.448222927081297     

   31.187687068788815        8.1119528921085546       0.14791679033249525     

   3.4363768530277636        4.1629185928982642        1.1694216005092122     

   17.745177481321861        13.061999451234668        12.846779863677394     

   12.018352766540719        21.065760834136427        27.007063798959134     

   24.895223794052391        13.509568779600084        5.6495757099703479     

   28.956580454685689        26.579444480637093        23.506544714061111     

   8.5378695447350665        22.891397426108032        13.150345218816454     

  0.66038148286428788        12.869031464558089        12.057431707001895     

   8.3250340020750890        8.3375913407101088        26.997780467058803     

   12.911844626655691        16.189202331516643        2.0184673424051480     

   27.376917561062236        1.2654313707666667        5.6238752101618958     

   25.271076482136341        11.577852358847515        8.6712066861266930     

   27.349589900018763        12.720514335733299        23.168216811863829     

   1.4164576265264044        27.009423065951214        27.093938193176307     

   7.5670939605190997        3.1401223508652785        24.340298565960769     

   4.7401637460990322        15.491059243684091        10.049027585179582     

   4.5902412165008855        16.867931215005566        7.0067700089609204     

   10.147909967739171        22.908236670628305        5.0000814615545126     

   30.155283553212943        7.9878190646960014        25.100946822571167     

   19.281370353029622        4.9323764091462960        30.312746428818748     

   5.4944806076281720        20.653249713275411        13.757878956063687     

   2.6463933932061972        7.3045566920882194        12.227677800982740     

   28.891937957173532       0.48876369646860018        25.626278117177723     

   19.288109368587136        3.0837292540971699        5.2302097160733512     

   18.110063507086547        7.0690396368334145        9.5717789590974718     

   30.930462650007581        10.994853942091714        22.671452624801550     

   20.055363342977369        15.193379290825211        14.999996846313536     

   17.514559575740336        21.862226403481742        13.374508414158822     

   8.4436538854721270        19.767072420016994        10.824347939879521     

   31.710537086026260        21.808446275454429        20.297636053458838     

   23.814640506482586        1.4008732572150171        23.431460041480559     

   12.166663956873144        29.463942623838264        11.383202152441344     

   24.322942688864401        25.100164584265620        31.010613597420921     

   20.567773839118185        12.909011385949865        5.2365160110750368     

   27.445743140231038        24.509692802955996        2.9955796898462155     

   19.877389885656857        24.968946126287626        5.7810597539171509     

   29.778592055123568        26.318383015511824        20.343699322996930     

   9.4434578858942970        30.188828670376271        2.6029047201773428     

   30.395397302314681        16.031286367581142        18.901380344816292     

   28.751556431453348        24.371263429219141        17.317901810939926     

   20.416100463807901        13.385776346281537        21.475290957331403     

   2.5300327232921793        4.3409058897696058        24.176494852719575     

   15.955878267716825        24.663628188502965        19.502009240782069     

   10.432041887000507        20.894304580921933        30.969817294057883     

   2.9774626511182429        21.008014775654871        7.2453108025409847     

   30.465921724182788        20.783665673658327        12.588903825258292     

   25.440930576240472        4.4551299565432396        1.0641773387002396     

   20.098225047805620        22.484941807456490        11.297464928931053     

   18.606451151148587        29.148572730478111        3.5584193177388177     

   3.1443629744639501        17.568281578224518        28.877556627493334     

   29.575146523424241        12.677430191137146        26.547627503860987     

   14.563417535138361        29.060263415462181        25.865698002198954     

   23.589898316844103        11.471418764258731        16.740424861831919     

   22.250227124637302        18.911037294604299        9.8026507850206936     

   20.137972527752034        15.908106317311473        18.648839741939938     

   24.713445413072193        18.886467799927445        27.282626668341941     

   5.7100586568166012        11.818485608843986        21.083777943943563     

   7.0171505578504876        1.8103977570528622        27.907184374994024     

   15.885069699501351        17.940977281891836        7.6880145921505019     

   15.160069448746743       0.42041812537628864        17.556742697691899     

  0.68430776100723012        3.1947179473140137        7.6923365465727986     

   9.6967944384965268        13.073856848109221        19.145647633969002     

   3.8555832369006100        29.209463341685275        25.860595456564948     

   22.944191290010732        29.283379304148113        14.007513097525493     

   25.886122258771412        12.385562141667984        14.143481268585838     

   16.160166596294150        3.9294719004270795        31.630054977599961     

   1.4347728584135433        28.944425146747545        4.1023604276763130     

   9.2671859079566907        27.594914588033284        8.2931220379762873     

   12.249043317947315       0.79765606096605213        13.988297450521125     

   25.373843245691926        30.090964441098713        24.709860287690102     

   10.109979585731272        10.452400228550641        2.3764899328622486     

   16.614713015699305        14.640640258339745        21.428523108340883     

   4.9835342352154504        22.323214276506562        4.4350068167855063     

   28.223786965355121        13.746842942754808        8.3593035038487233     

   10.658865705665873        8.2270555242672856        12.830010916755949     

   12.683453323911483        14.068978733577822        30.500311606967287     

   26.781223589218762        26.039709229038323        15.043755295268543     

   15.291649534292047        27.793754263514540        4.5037937911318542     

  0.48019529837964176        13.358107870336537        19.696744357047997     

   24.412461215902198        23.644138507766193        10.271142006561767     

   21.675566761693847        14.397366385875813        2.4942386005818031     

   1.0952145269672942        28.415791615111136        20.067936087187896     

   7.2972453182882413        11.846175252526022        24.791105676007273     

   26.507778104740627        5.0834683750986480        4.9489230238220463     

   8.2654583056368622        7.1865326469204671        9.5737202372040482     

   6.5243087990707478        19.375324410899641        2.8973334252833927     

   8.6008030068940275        30.936759461159447        15.460818128599623     

   6.2006179610768744        10.233070735506560       0.11660673025772557     

   16.983702020337887        23.816914156711331        29.842729648011382     

   6.4070319670940039        2.2430319908345338        17.862524496793462     

   27.303284638421793        22.942131387411401        14.694333692199345     

   12.727971826469112        8.5376641502676591        18.988610475439991     

   24.060547501348392        1.5883655197714808        19.157807606636887     

   16.167174118611864        17.215971808612395        23.475014437375972     

   25.410135633318799        5.1331031104776548        9.3254749009735516     

   21.693491467861627        1.7302111072857951        8.7497791586487228     

   14.831151576423956        23.706590418976454        22.989818798066477     

   12.005444456543419        17.831607793977746        24.704705187750498     

   25.742365157961842        16.229783344042758        21.764019082328481     

   5.5557951796264566        23.201192631894546        21.813713950048992     

   29.012596470198972        11.318777458986302        31.568894436777256     

   16.674505504269149        18.135731147595742        1.5108837236196018     

   8.7314725213597058        22.356799442963091        22.252350719300821     

   26.876348391389609        2.1193348729988775        21.381424067797152     

   21.376445351723305        19.937736432607892        13.830321718606031     

   13.282706034993286        7.0879361261848519        9.7808894735338274     

   19.430078776867447        26.737982500651984        31.343032130759777     

   29.789987007326012        4.0648069684196582        6.4352954515234693     

   18.505014695001755        20.902764795055024        5.8772757250297696     

  0.85035438831360666        9.9401095046077774        20.067615700641795     

   18.738799566664600        9.6127994145819944        6.6522146656909120     

   29.768909963033419        16.791387513161744        9.9028812457523543     

   13.330250830184379        20.304832495423600        22.645988325072157     

   24.037919551152221        13.327428890715733        20.314358610270816     

   2.1631165047080354        6.5177222825618353        18.354468452251606     

   20.952866721279825        31.942510571737287        22.099641676039930     

   24.023637176069581        11.869621919270738        2.2259423907108271     

   10.011861112843299        4.4639716100271771        26.949329317498322     

   28.281765550379010        23.309638054200121        22.194926969373242     

   30.176514919163104        28.923184950338008        26.073118478354939     

  0.18109690258879518        4.3949142798569278        20.514434443588897     

   18.544518461758248        17.870289895212515        12.273720769097858     

   1.3304339838737422        17.827792467393330        9.1613013611640071     

   5.5324849914363252        30.055719056852354        5.7566957001780219     

  0.57782684834826281        10.094449094550431        10.257143810093870     

   16.509790235229762        9.0720890756943753        12.688617270175898     

   5.6539282404821476        25.757245840262762        3.0246005141973598     

   4.1326229434741251        29.725477534278028        1.3238714381227563     

   29.314352743282559        16.100982202409085        23.497310062965639     

   25.129344483309335        26.615595980432545        8.8862500506859696     

   31.296077226768791        6.5459474832170015        7.8213110608932910     

   30.718164143938282        27.741995711181179        17.014417433970614     

   2.2998244056898574        22.850848346933201        12.225657741184898     

   15.554040340874691        30.075958750261634        12.891659254861700     

   31.256921095119935        30.880287057374833        14.989390744231160     

   28.053012048760891        18.831247985167380        4.7617222263804777     

   12.802537919065532        6.3889781273756014        15.600010736494081     

   25.074258850518198        14.966103570806087        26.421710702408664     

   22.016215123178757        4.1767874866876218        11.693960431309042     

   17.815948307717466        29.671377283620981        21.088403247305461     

   16.560614046929491        2.6417214006428860        26.815933983884246     

   9.2725450336536355        14.716983323303380        28.944130121726221     

   30.657265066734904        21.262424138939839        29.482273359910362     

   26.268446362181461       0.99442456056335282        27.604836103859085     

   18.742897098526331        23.534577678937978        23.970532677014379     

   13.357553722287790        12.323499405745244        4.0522210685985911     

   10.932398738324572        3.0851264155570188       0.84421182165390674     

   11.458032327366041        4.8505815668331786        23.265762982885729     

   8.1511810780829510        16.746410049240556        7.9534920530068414     

   9.4253158446518981        18.861442533155326        28.516185697918310     

   2.0487364746773982        31.942268166271212        7.7261126275081171     

   12.631209257084542        24.260562974839271        9.6339359682104480     

   15.539441061325519        4.1915148876887365        7.6702826895877836     

   8.9549389044553234        9.2069337742337068E-002   30.663100027301038     

   25.901203346586808        2.4889612390779137        13.410356324599002     

   26.791083394925352        18.918463388581795        9.5552662938859410     

   2.3963715521322291        9.8247398005682509        29.113835888374819     

   14.327927533128287        18.934385467706505        11.072286618929816     

   3.0962558658139514        17.073360899127728       0.27170745763301685     

   27.548261044899647        18.146150610380648        14.912553848592857     

   25.754934223172743        28.160856225844977        3.3696079139989967     

   3.6684602863986471        20.708267108053679        17.055942394229078     

   20.339804872358155        30.340873387119132        9.0854949110807954     

   19.273241131473899        7.4918385696815637       0.79202291799288393     

   21.389321834903441        3.0395743669437763        15.724640313205679     

   29.723312740149424        9.8514873126882776        8.1406271900953957     

   4.9167128903027937       0.92843749897353856        31.352993414243343     

   31.627756641025080        7.7363296828151080        29.024192988479260     

   15.944557019040040        23.806878441718247        1.2838854660055417     

   5.4515976632720857        5.5872666295328619        27.007557518797469     

   24.338631947964672        21.037225213979859        31.437419229531987     

  0.97333362334568863        16.989083574722461        12.656318966385307     

   1.6916621487727308        1.7792504134192393        11.038401365652875     

   15.337161768996966        10.263394500648193        16.467870112619075     

   1.0613532201612199        11.257662965971985        6.7039874419583390     

   15.930695244291938        27.684697521648598        29.554448688974464     

   30.692655007312172        24.908071254753029        27.099985257790628     

   16.473933043552876        16.808646834754718        30.169913663179461     

   4.8269219763133480        1.5984178483338027        5.1080948489525202     

   21.838681224517444        12.200620412292546        12.023364825421449     

   21.511416358428352        29.976099180277718        16.938052289739428     

   26.137590869708710        11.574585743203485        26.019051510599226     

   11.364816865624828        4.0178591625399926        5.0348556252689756     

   6.3817484697098568        18.614515322459539        19.256164181293997     

   9.6328989578214834       0.69841406932926409        11.249736580257048     

   31.754573380602626        22.602000636525034        17.133764466529474     

   4.6300692922267439        12.732197593623413        27.925672582236341     

   6.4113239934795203        14.421864702414808        2.7599257793508412     

   29.455956803356649        8.9196717448053970        3.3754487456258127     

   23.672846376135073        7.2779137952154223        2.6056193383866821     

   24.487662041473872        13.519062355752922        30.063839457318334     

   23.566486207116888        28.603879138385004        20.644546976684200     

   20.605334130552492        25.159161933153435        9.3041478226373133     

   1.9266496986684045        18.756806062754436        19.476251700759555     

   1.6009001883498852        19.723983595637282        31.438816995954216     

   27.632272449449360        19.572233032428834        29.233320355860922     

   1.3862351930520913        31.291422518073407        24.305547702917689     

   19.835720362484953        11.580668000394946       0.41634970803526539     

   27.950078389723391        29.631986567833096        9.6891528269281473     

   31.836014902023368        4.9760608094707042        1.7951622997797827     

   17.430184454020324        28.391994844552947        7.6348354870360993     

   21.885453174015733        7.6888488235424006        9.2130322362686510     

   32.042276783399011     
