   18.870641241006727        14.517144282793328        7.2801779993504026     

   23.533401188749423        21.912634188898515        21.395830068083917     

   8.9781184516790304        22.577508234956714        14.327426003457996     

   24.014256175350646        19.573930336251269        6.1492669256812746     

   12.825369927266513        5.5391305485192461        6.0811218791121604     

   12.180408184008892        17.594927755860585        10.103223287361988     

   7.1741388106103408        26.628383946682046        4.1644143497048072     

   28.310133814758991        22.101833291386583        17.357429064797703     

   8.1459676899325526        7.2520185270709101        8.1473035071813733     

   6.6835790724905229        28.306648995073736        13.991239000023816     

   23.712118938901877        20.712997663370949        17.732247913357558     

   18.096692853182748        1.7692790152120959        22.456592997163582     

   17.018882617211936        24.368451127746532        21.274992596486339     

   3.8105810655192283        25.810586471675212        17.274561762781317     

   19.863184572580273        7.4220504785180692        20.990625508866085     

   10.373790632711893        22.096459958946035        23.348497115157375     

   3.1152720628416035        10.299675187111536        13.417934695493800     

   7.3289913104827056        9.6417652559674991        23.718279245401245     

   19.599644700327016        23.619393853896408        11.465079611980904     

   27.617933574574575        13.461083185705601        23.579330807545471     

   11.206230238017213        16.333726465237739        6.6718494035541287     

   3.7380679514205317        16.467077982602344        6.7920603632417196     

   10.905051253295074        7.3186863799275628        1.2434830282245781     

   8.2647698198904163        3.5074616754618000        12.246720295103346     

   27.326953832941104        11.268183619432948        17.046486294553382     

  0.65746328876920268        27.906840305112009        19.099324021154889     

   11.222710685819452        28.020320881734754        10.208290030539825     

   18.781585934081924        18.086674044810064        6.4816141277130335     

   17.711430377626094        9.4694673677376926        12.072428376727478     

   24.809660052967207       0.57714816672229319        8.0751124024459315     

   2.5867510859988476        27.291548562958635        1.9229792525804514     

   20.082104242563855        7.1107724126956091        12.527906018898765     

   27.536272644208314        10.277509283671897        11.746245698150068     

   11.044890874072387        14.811878021638419       0.75742620209146216     

   6.0996570047183329        12.692759084160294        4.1698615433071033     

   3.9395458288117373        12.842498288679025        7.0127121825978032     

   9.7809345257381324        13.849710990217257        3.9348986931070957     

   5.3558881310213868        1.4004427469278355        25.698312262800751     

   3.9137422778022022        7.8704442979030373        1.1368552846242366     

   3.7360263072959992        23.456333187447036        23.634099309226688     

   17.622338349732146        15.677290743310980        3.8083390076380099     

   27.369129832374597        17.497186280199113        13.730463671330014     

   16.749802647894786        12.314716808284665        4.9246755140278280     

   22.275629986033699        18.551252565036336        27.704414077485687     

   8.8209081888497511        12.145659978566757        16.836867974382681     

   7.5802534986585561        10.717517300025818        27.578796190646099     

   3.9757877212115296        27.795339247147851        10.839604047183673     

   3.2485053995812274        17.747451292022166        11.153828880159478     

   19.757643583499483        19.834291417180918        3.4615455668897641     

   17.708427534851626        7.6809682293478447        8.7418078966954038     

   26.817250068307807        23.021667997278215        9.3584941375373312     

   5.7160060566936410        19.550262333980434        9.3329458339491573     

   15.886080782143546        2.6244075632581141        9.3731036493506874     

   14.939784043335175        9.9363739892094678        6.7958183966061441     

   23.904505336681556       0.54476561976184201        3.0862427916918218     

   26.920206655885167        20.288572788443627        28.284955562854510     

   23.080484763781314        25.352093602097277        12.016117901079273     

   15.323777462703756        27.570738170111866        26.569092680896606     

   10.773053412442204        7.9415822216749614        24.744602013270256     

   12.698327232242409        14.008782302849383        9.5742710237902457     

   19.017396359197249        4.0260745481647051        10.461224474704043     

   15.275761548604859        25.408225274890338        4.7574283342079671     

   1.5758329446264161        28.474947187146991        27.754963368310168     

   28.309312995385302        23.758532462508455        2.5540552287389020     

   17.756713191242735        21.353792092195203        24.688359715498141     

   16.334573536204722       0.72624283296353942        12.512060446806542     

   4.2447374960346727        6.2408997001036131        7.8377358576024374     

   15.459576233571253        5.4611991232325172        28.300095148945218     

   12.067471269354026        3.2737016981875300        16.955107372370275     

   9.6726957642613680        13.061101829818158        7.5442661598197214     

   26.406735431569981        2.2099605094380390E-002   13.750518046037254     

   4.5207601353070705        24.101407469585208        20.484561827290683     

   19.798577221027763        19.873816078581015        12.430995076893300     

   14.008572655800842        16.131673338796681        3.1387570134064475     

  0.46185032027153577        25.509547033408637        10.368195313376038     

   10.554979170399569        9.7122881914597965        14.709656579378416     

   19.880649068527276        10.803435701154125        14.771943765848855     

   20.527749238541436        16.744641269448799       0.93328228885703968     

   21.682532443467377       0.14786337243224826        17.708084288017741     

   6.5841129919483912        14.217392290331977        15.028758650930047     

   12.562184906759205        9.0650755691872487        3.7926964374983840     

   3.4531811064655247        5.3982285429396288        17.356020149762827     

   9.7104487484739526        28.490997808409606        6.5181366447900428     

   14.456794172233490        1.5491332266518505        20.853266292869709     

   26.301570513900568        1.8733985914027000        24.146630568040884     

   9.8758721892267136        17.438146914019409        3.1574260788749928     

   16.487640381536917        22.632584080959585        8.4664203290225526     

   16.483336064382499        5.7052938968274018        4.9979328558042075     

   5.0852037282972207        11.277095541153360        16.596416039981754     

   17.324226396338549        7.5293020044798205        15.218661457311811     

   20.739891663852237        12.653333209846799        4.6637138599932912     

   12.794740090336646        2.5147411264994752        27.010769488032970     

   6.7863561671751480        13.127545467004303        9.5410284770547005     

   13.829646315008725        24.697764453737150        22.506892619706846     

   23.520397384090526        11.213781870678197        16.612974291299455     

   5.4691540344015452        17.712015139511639        3.0726092225454562     

   16.228491920692161        12.625809547480264        8.9988214014925116     

   6.8395375419846136        4.8579014164384464        19.271087125580486     

   9.3048459987798946        10.308173791842053        9.5811880618691525     

   16.465984280812371        25.354413364725051        1.1762588107090355     

   22.496455140084105        27.271103605501963        27.611685733757280     

   17.450178345042342        21.799759546803145        14.704137323620662     

   28.551397205288612        3.3392909762802638        27.152178858360031     

   6.7501573883560537        22.296430140098796        17.156337761451987     

   5.9642823239382849        14.296832626545230        21.638469445282475     

   10.926307198795485        6.0431125216356660        27.974834970564302     

   7.7991145094419538        6.9855755847273606        26.148247659468229     

   10.582562505640373        18.113279578275989        19.102684969519569     

   27.776425961177690        14.881906617322672        20.185620405398314     

  0.89331761672309662        28.296668567402065        23.070226137567609     

   24.909559639966304        16.330023412595175        28.632033581725118     

   1.0986575227389512        23.415480192207749        17.238790538515765     

   22.102101199898403        3.9030821901264066        12.570204713674247     

   13.785642654263180        7.8012363717645625        16.870811533242986     

   22.668958432806484        21.402457094406024        2.6288825789414454     

   17.797813455674302        18.263485354244974        27.373970323748949     

   7.1525509959405547        3.9509944871348193        7.7866014396889440     

   26.051562678357236        12.187199587264756        27.483482003946204     

   26.132871697944836        8.0545765161989049        15.925934737679567     

   11.842129678899980        20.039551914251899        26.733139521921746     

   25.347072066185408        3.7836671872913361        4.3166434122536090     

   23.119894718832239        25.066228904185255        7.7966227254996392     

   10.394462793049520        12.361011163397677        25.203407916995598     

   10.660522092739548        6.9408825033423884        11.072029925189064     

   15.967350468433018        5.2226447662190978        12.404438743487200     

   22.015809335853294        16.892509796696565        13.574724968685624     

   8.0966535169354472        19.796161620665288        4.9962250898512934     

   21.694074239508687        21.771547030799752        14.923203900651391     

   26.097284177580285        24.558122604800097        22.772748720074262     

   9.9762903060200756        21.977887803890859        7.3731273615117523     

   28.317562783804174        21.309202166638102        6.3410393564921588     

   27.164263103972505        11.515964260445728        2.2748988953426661     

   20.675930640248861        24.132534591025316        25.760627240272637     

   4.9238498498108303        11.434457850179532        6.3931092057818675E-002

   3.7593193850256634        4.3924495833013948       0.44234542245889608     

   4.3202572109168482        10.345044111669999        9.8527547576098016     

   3.6348063228539083        14.290217017629420        11.780292058650634     

   9.0610738756576019        19.075112633655959        8.7163556871917915     

   18.320766002317821        8.8663268819024594        4.4595958278463677     

  0.48247501931098791        3.7970500765549722        16.456909221683933     

   26.730669655264354        28.592332592307166        19.735795048974566     

   26.797649520196064        20.869883989883313        24.335877761373233     

   3.1903831566115604        10.702942908847765        3.3457945347053193     

   18.114167152106440        27.011497068285703        12.768331707789748     

   11.296060624130215        18.877058159670693        15.805689727489346     

   25.480663440493526        3.6607146889330235        10.848999217522227     

   23.121183133026697        12.281312463515048        1.0818690127494577     

   12.774647014951114        26.726854689756436        7.4962051074973948     

   18.668181698782739        12.575178116487614        20.657999357381129     

  0.90644296668038027        1.5676841357274602        5.0748009876949434     

   3.0902104568804383        16.767202977912216        20.957376871502220     

   25.624416372417471        27.537154377400263       0.19898075913961527     

   1.5684767788078098E-002   14.664946418022282        28.490489481299619     

   23.454853383247993        27.011809955338752        4.4251254071164858     

   18.216424256564586        17.152144505343788        10.213926469309822     

  0.67103543632901630        23.550629217097931       0.31753776617803869     

   5.7093631699944130        7.3982040761403569        4.0931734221003842     

   15.692258252878906        23.331460195963626        12.415624296789328     

   19.475844842058006        26.114644079990384        4.8590030178463808     

   10.592601586163457        9.4697345194473517        18.695496996467224     

   10.708004204926704        26.016605315982435        23.308265773766163     

   26.129997159892039        22.870169557817654        12.599644813152931     

   27.939155252134636        13.829880971657971        12.138430164875329     

   12.114505666095825        18.049680809650546        23.418676220303734     

   28.602335286122337        6.5118681292208800        24.875646385961076     

   12.881558697981852        2.9684482682058730        10.831120586779234     

   22.741507899769694        6.8356834269482283        24.840283747528435     

  0.18827584012683468        11.843889434565806        5.8070822346552751     

   10.970264490313856        2.9680468823983022        1.3398284759844334     

   21.812823705607549        20.416411896041613        24.570110376541777     

   10.601389571787044        21.948735290251953       0.21840328960278380     

   24.957420052215017        9.3090127532284050        9.0675925346320252     

   26.908498407747889        1.5090178390657698        18.827400975727890     

   11.771567094679014        24.012445933577180        5.2780824826723540     

   7.1329789100379877        5.9915374194780542       0.99069235602000461     

   22.991977890331821        2.7349934671388931        25.979694890835255     

   21.238152272105363        9.3551391855713426        26.819204417605683     

   4.5651393394133182        21.023190772837676        2.4480850548934132     

   15.766760524163280        18.186110201565732        23.908438530118151     

   3.0072291563065869        21.308251210892191        10.861515421002839     

   19.614799343581595        20.658368741896869        9.1529417794130623     

   4.0462233625000694        8.2273156427077812        25.175833781367608     

   6.3799964315189017        6.7799120069082841        11.030002230289247     

   3.4959004155230833        2.2767811164440683        7.0646057651637078     

   6.5762200205177299        3.4370670195367192        22.690988924813755     

   16.070363631960490        25.824196785505826        15.663359700434285     

   18.362638407913188        13.320840963085402        12.029987791498099     

   7.6242687989884681        1.7953090489287384        1.4807549300122944     

   25.574635002178688        24.011597979860841        18.933049958680478     

   2.5749087747821990       0.92487671838614238        10.904081703766185     

   5.0932272105878154        25.226667362876270        26.643965362757942     

   9.8933633386227040        15.769864329743035        15.086587970700563     

   23.192531031632161        15.786477624370544        7.4807832051255208     

   3.0852457694654301        5.0101500365483513        20.758078134640581     

   15.608763387790725        18.098979582120574        14.029451452664574     

   2.8708782124899015        14.398360830913218        3.9707955203389074     

   19.991928512583968        9.9591459555876405        18.530509756783875     

   6.9095811656261752        10.747047478446982        20.508678369834897     

   7.1457206760210514        10.286061989490157        14.094142023328210     

   18.343982729512472       0.24025716986945525        15.841622380445116     

   12.812365409927217        26.107611342189813        17.370127308221914     

   12.851636800118822        14.143418874685342        23.588744690303912     

   5.6689260750860120        20.774917332372748        22.326620447873029     

   9.3758616822630927        10.462198642017492        5.4557775535441682     

   21.585147471263820        3.5934990042735016        16.091181634611914     

   26.355406959222353        12.207852928918751        5.9970889307814836     

   16.468692133542703        24.338719343801529        25.106189417010576     

   9.4864066106061031        18.653567030370283        12.619712660757175     

   4.7711831384024546        3.5389541774979367        10.209467512441378     

   9.2702247969637295        6.9293366275027637        21.403004224276373     

  0.84593120970989455        7.8115089140452918        14.590743679452054     

   17.546565746108222        9.3868720136017600        28.523993012248681     

   4.7770753638310177        6.5861594167344055        28.618507043102198     

   20.608109231969106        23.501067426233082        21.962718704380666     

   25.883477339998123        3.3080989929723263        14.745098705483672     

   16.801475581104487        22.308979597546589        4.8467643359634636     

   1.4280993822908052        19.890223269256246        17.095954890761330     

  0.44037225093644750        4.6432503663233300        7.4831857214988613     

   12.828697420985742        18.612093856654347        1.0141078867670001     

   11.549097445374747        8.7488212515410027        7.1833274642211800     

   27.060636972243206        26.890184516112107        10.510540056274930     

   6.2554872622868460        9.8755195238277871        6.4046301612523280     

   5.6697654620000879        24.431530437191235        14.547594696888646     

   3.6270184249207982        9.0181874638406683        19.439553164145469     

   16.426332624769689        27.948503593664316        19.447603338789900     

  0.41604595297217317        5.8657988418024898        25.334536464375429     

   8.5428413786513318        20.855462480764260        19.885488867266854     

   11.715191858301726        13.361226724867175        19.360711967528751     

   9.0253037624309886        26.001176121628614        26.865838591381262     

   3.3932901551712433        1.7323669719044010        22.138269047623073     

   14.623996864623285       0.93422106330973098        15.718397050858680     

   25.321479002979391        17.718323004299062        21.604328245960296     

   21.152992365225533        1.5811563591464055        6.0344430926328707     

   5.4429930597301235        7.0502503960682370        22.313837143724747     

   16.563916892509599        8.7539686426603662        18.749831698231503     

   25.151725431278045        23.075154886533838        4.5740736967804594     

   19.256601727358632        11.097334092123173        8.3149952416268142     

   9.6831765224242297        7.0302457070917947        5.0261050879186975     

   15.694674685497391        15.513130610061769        11.701274872196286     

   7.8385841659866229E-002   24.886803527126656        3.7164801241330672     

   21.449942247114741        10.827329135305565        10.970073996452454     

   3.5551029575191143E-002   25.169889260971384        25.812100638801585     

  0.42393429739236244        10.862432655145120        21.173119788159191     

   1.0956107389025789        12.631553340448736        9.5792629450085034     

   18.548914511598102        7.7307686220200145        25.384400911439872     

   14.185937641172035        16.490843765221282        21.081421126261215     

   2.5306802112291744        20.380422662204868        21.045124648424149     

   15.861605216656308        20.643424890418725        21.250909457464843     

   12.611302215414788        15.903698675362781        12.950840776324657     

   26.300265705527899        2.1518471093564950        1.0564294117750737     

   15.659624256370925        4.3116314653500645        15.819800737974703     

   11.029026034267110        13.791203477830535        28.553580379368167     

   14.161537638045781        22.821180661614125        1.7948067074601235     

   23.777638969506409        4.2917086519686443        7.5294322565681764     

   6.5807738733199601        23.495247179526046        6.6758389658809385     

   4.8721501447917595        3.1735222060329926        14.154062077092563     

   21.248067887414116        9.1602011352282080        2.4899980374827293     

   12.275449727973509        24.746014247380177        13.803090695214552     

   16.737734019804179        3.2771414817623024       0.50196435599562628     

   23.897265675929788        9.7471477589305220        12.950050630359014     

   25.134977540475763        7.1554012320741753        2.1359827233581790     

   23.895800838104453        8.6990393622022193        18.985642455164356     

   4.9622388330554728        6.7428442833168951        14.377523480316684     

   10.066660298727335        13.103818958991791        12.641091060795938     

   25.767267778683895        17.747212243664904        25.555758148564458     

   7.5913783568383675        22.367400651952188        25.410499945187560     

   12.970052326389489        28.488668595212499        3.5161684269384277     

   20.144225768190033        21.632865921666472        28.242093475179953     

   27.621360322273873        6.9647904268198113        10.246507058627540     

   24.480072349406647        4.3879251166103455        17.808235854718230     

   10.245763549964288        2.8883775276461670        5.4337818074282742     

   5.6811992190023126        16.619614484363687        24.324507846987636     

   21.274883193473116        13.824066746188697        16.958124958635498     

   18.810456296269646        21.722068945974666        18.355321050978997     

   21.968273917924932        16.926771239831833        23.732436930633767     

   12.932270733365719        10.574138260070997        23.183857754715344     

   21.824432982743026        18.471302508715127        9.8072460278481710     

   4.9961780974180154        15.783455987385784        18.014323300093949     

   22.813883067975492        12.135357868141586        7.4646637984377264     

   23.240577932272572        24.663971462967751       0.71657292514926652     

   1.3857032340805733        13.717254547498893        23.617644818372781     

   8.0899169335346466E-002  0.43278672998482998        8.3908052231685364     

   23.996460727421169        11.031887282125034        24.663673669113287     

   16.300676700272316        27.520328393575948        23.223210316770160     

   18.504465002323929        20.414845973304676        3.7831669685573721E-002

   20.456081201237463        18.271839947529372        16.863751871496387     

   15.038283328120080        12.280612978408948        28.109287932272874     

   17.926833030341193        1.9692583201386540        6.7671817609514680     

   24.905364648593306        16.156316496696178        11.155825383719364     

   12.006220721442618        9.5902538505841335        27.989738063845699     

   18.802018595013827       0.24153744253461237        10.066599664148756     

   18.981731489588352        25.857460036434638        8.9967362001355848     

   14.189399107976719        6.6158349001530103        9.5587317239358143     

   12.542471448192513        20.825435731838652        20.235910137101438     

   13.023693995712199        20.484956930026385        8.5757370483298665     

   16.267941714251442        19.510056965449547        2.8113826737238305     

   28.163411961492340        15.010603032358112        26.925727566838397     

   16.549850354451291        5.1695546234702894        22.479064885604004     

   26.925929587302551        25.843840633498566        6.6650179847661466     

   24.112764700811837        23.145960705069818        25.594473299652275     

   2.0152378575504892        4.1479611724165402        12.831097310010337     

   8.5300848751336673        19.091682326235809        23.662571325339041     

  0.42739218141524243       0.15374988396388978        24.069749899393248     

   2.5255707374579521        7.0182586347498903        10.927483170980095     

  0.32795491388570241        9.5964225499682296        25.075999091305622     

   1.3677362784926266        17.524423155330577        3.6552824056441993     

   26.558423548980009        16.065663572734238        5.4982079739227876     

   3.7625914045895787        17.549777753267623        15.094897153209876     

   24.347061643209408        14.104103176804335        22.140928757307439     

   6.6629874443602803        7.9402064689874345        17.542134826748907     

   16.113772486670491        16.957338084254296       0.27645508908341165     

   22.451936767038397        12.160858785627795        19.889138317488936     

   7.6785937706367777        20.299285584246839        1.4933152454859642     

   16.809845079607197        3.2532637707224339        25.905578685667070     

  0.24525519247722957        15.485676761328584        11.488000957904150     

   4.2977845717441472        11.825319169715259        23.585349078891106     

   14.820587651886390        5.0026745672593238        19.445974115009353     

   21.268372878716505        7.5852272959680107        16.156723767311171     

   9.8895874403449522        22.124525052562454        10.790507307190019     

   20.159059015500446        4.4310967938548025        24.480606281649390     

   4.3556379076897844       0.48536010476988767        3.8749124217788418     

   3.4948487421761576        24.784977627428365        4.3425215104658106     

   26.539942965201583        15.054938022637538        1.9560042123140935     

   9.8756250370386258        28.439798764913956        18.247592863366144     

   19.713737550611590        23.665632277877954        2.0494257404064844     

   25.340529125507466        28.081458568907440        13.860234127531093     

   3.4397274155085364        12.995868843019595        19.291449457471263     

   20.598463604652814        28.658159872156052        24.651558397014320     

   13.626433779156548        16.484376548275677        26.675046947120769     

   12.837405127925162        20.634114274408866        12.848495902727615     

   1.0674708430390931        16.016170235524978        17.656298049936712     

   5.1699259637872705        1.6503209597175452        17.266843915198070     

  0.31787807445777055        19.993163708140909        12.599840401192790     

   14.215552882996166        21.598124957108084        24.232404366370112     

   20.989297946512533        3.2507976359387687        20.011983168438803     

   27.607816251429707        18.014180219346834        17.854953740560781     

  0.25615227181057915        4.7165549120604746        2.0127456791463616     

  0.91442844598267503        26.850571236071939        6.6441122545380171     

   8.8336248916390439        25.416214629069252        12.054975491643116     

   16.648036782658544        28.278141979130247        6.5324962409530754     

   22.747828199994064        26.074875610406895        23.781617281412473     

   22.155933079973703        13.190930252734079        13.463419720135835     

   14.409474888999293       0.53330249894147264        2.2510189333692159     

   4.9485198015811678        19.487268026021308        18.425193611281252     

   18.800476947741902        26.451160117268358        27.413948755207134     

   6.7790734689622942        14.302350431431984        28.549409679422094     

   18.323006814275207        5.6953901617904696        18.022189260116171     

   24.115804632816157        19.819647157174160        12.554125347238205     

   2.4626132908545313        28.135635595863505        14.808390161085589     

   12.850057565206663        16.128695741071638        17.196038373312739     

   13.441717666941534        23.456110082633668        27.245024967707270     

  0.55554227769824327        24.326910512454667        21.757001122321359     

   7.2320727931951900        26.237311933103939        19.870304831302292     

   23.923090649393277        14.417624279542215        25.762438274117098     

   12.722102683940712        23.982676471652702        10.387427333534601     

   3.6078825003611827        14.280162338349363        26.046614590719638     

   22.038159721562312        18.721830523317696        20.366484369836087     

  0.22519213105372476        16.653468836047249        24.711289069092253     

   10.146435199306286        6.1351813029664832        17.845538015789522     

   8.5479874163782270        23.189031713329186        3.5945781705290165     

   4.0920281419418263        27.456283618325038        21.613797689944590     

   27.319226626803683        26.740652390919500        16.646510085796006     

   22.795479371894857        6.3214338403633814        10.104811108292411     

   24.558091265295594        18.010807557845212        16.210186792861737     

   12.639665846610690        12.488124996174355        15.572713109134014     

   17.928764618333844        18.049980861312321        19.397699460765729     

   27.210778862233024        4.7518597485924587        21.406590517473767     

   21.279823822837454        14.832746611930895        10.332114276551975     

   25.380372991985173        14.257512756816020        14.617884848163358     

  0.36943790273082638        20.976487568006462        25.110389577903653     

   6.9342784411774030        17.448210978105585        20.668298798951938     

   23.842621809646715        14.076672597764526        4.5045462810693868     

   13.250149376084035        7.8319801879124142        20.805128383503895     

   10.449933136202036        4.1117010444372362        8.9076922299315733     

   2.2857771842313617        24.927654220135089        13.534630855391676     

  0.23405046769669227        20.626044429415789        8.3959017018164896     

   5.7842585729005762        24.068147020080037       0.46424227761461712     

   12.684876169926829        19.376604531533157        4.4412711295761964     

   20.033492776993644        26.669903479939887        19.565520593918997     

   2.1429509631739010        17.811769241520345        27.815897711297712     

   15.351496583575974        14.467659825294586        15.256077755523245     

   17.344533553524887        2.0970948374985414        18.841315023584897     

   14.478774425936937        28.085692158301534        13.130067314234076     

   10.535002732874204        26.122649837240179        1.0873321183248830     

   9.2887990966686793        15.901773253197968        9.9056671468414041     

   17.096888808055731        14.653436699979467        26.472013379762167     

   21.097930175821940        16.531533092874120        4.4314746740639759     

   24.867332832884912        6.3854559117043559        13.106483995276092     

   11.515972219134136        28.483796140015389        25.961885878207216     

   6.6379855854447758        16.822172356712890        12.483907141959122     

   7.3668819804422299        15.705676162304256        5.5439970761193651     

   11.485017621652139       0.64690691688429247        8.0928643096850639     

   25.870187250088854        26.027987938210796        26.780147822374893     

   20.335052279526479        28.572766004239956        7.1391934027227233     

   15.636494575092010        19.323939531945964        10.417024400652735     

   3.0227355193341503        18.827275304000757        24.197962558829520     

   13.256070683914830        5.3606056260851158        24.702456199409980     

   19.584913012875219        24.496943838590344        15.122352335251549     

   21.384401585685865        28.556758228278678        11.693071491820056     

   12.906870009928070        13.076760015060600        5.6602687986445437     

   14.097356648761988        4.7183013412774963        2.6604605274895632     

   17.540976497369506        11.367488055514784        25.342167878152793     

   27.098057233241317        20.986193111314869        20.542493888376114     

   15.606578046475708        26.059501768362949        9.9961969783485856     

   8.2172281147220119        14.979731748926071        18.670548916884140     

   21.886755132561056        8.6530370002854724        7.5924722009059726     

   6.2628493546376580        20.619498067529328        12.734264161303894     

   20.255765728387473        14.690387536365872        28.228914359411746     

   14.676707072075505        2.2527051814449441        5.2216357196883711     

   24.674239760292959        24.377407376451274        15.503095402634507     

   24.595533010307463        12.777752519841668        10.608266197038677     

   7.8508122269692908        28.572958112899887        24.319963149620861     

   12.677819819847155        10.065205115708862        10.481643252919930     

   13.796669843443075        12.000652274891952        2.4339464800728878     

   1.0234175837589203        13.263965775826451        1.2122747356959374     

   6.1680532965506831        3.9035636244777843        4.2474667420346410     

   5.6574333495797084        26.858852403789591        7.9131920232001711     

   22.792417931301802        6.3127558983608063        4.8113622422874247     

   24.003510486876227        27.015903988851310        17.634065761484607     

   9.9079235813976272        4.1393244533543108        24.481603516919815     

   6.3622692652460264        28.066047999139943        28.105717587312274     

   2.9040941147244603        24.135884725161013        7.6970234763039826     

   27.560470492077201        19.422707708434665        1.6081902548280977     

   17.993768847354502        15.744476132377006        22.810133630313754     

   1.8333312015317649        7.6734402494930354        22.262999522888830     

   9.1570773147065356        2.7121044510444943        28.141104365598025     

   27.506921127494628        27.983763798135030        3.8528575683629107     

   7.4453185640168682        18.406599232249434        16.157812651707502     

   22.878693901832143        22.207937638649920        9.4521890907320625     

   14.694245691198413        12.105389948425648        12.533703221273248     

   6.6421853566209510        19.383118948180034        27.172555523683343     

   2.9634723036627970        9.1686885111288099        6.4811198830911332     

   19.400617271358538        3.7870442997424854        3.6055085124179485     

   16.789107770881781        14.908431972691615        18.686899088977604     

   1.4372075916061613        10.772848891981164        17.072031058716181     

   23.359164239135566       0.81050743768553746        22.014218528031499     

   2.8390090197928912        5.4231782835460098        4.9306369399483723     

   7.0677222449332087        25.086432952753015        23.012678160232880     

   15.055035506723518        12.169653808014612        20.866119646202851     

   20.693538958473688        15.329866300185152        20.557164131761095     

   14.714730037987000        19.682443216427181        17.108944610730696     

   14.211750934346911        8.2103845129772530        13.196086461962937     

   15.608097578230788        19.325355447013347        6.1900534446618201     

   10.615819617875475        24.797473934887559        19.791111711234301     

   18.678440744731553        3.1032152616259303        14.024921454817557     

   9.2984882549585048        16.325901332418820        25.870565690437928     

   19.185080524034063        5.5232032076271045        28.244385039903658     

   24.288040625989471        15.088154246725740        18.139199083638875     

   27.015392552990001        19.204526464967284        9.2809657039767810     

   13.066547707873198        28.254398005801320        20.556956922026782     

   15.730021054413205        8.2552788293684607        1.7486435666176379     

   8.8088870754926809       0.66832982630457827        19.294643441287562     

   25.332293005842054        21.895866846283685        1.8334128136418481E-003

  0.88467026558163697        9.5353867131489078       0.42382449198082717     

   11.921821797929228        22.516800981815706        16.450168027092509     

   14.903108968576026        23.286899128342633        18.664277668252986     

   10.004873798908960        11.770430954475415        21.842708044909749     

   15.653973683941507        10.908209128569538        15.859980495011980     

   20.655469598197605        22.345451125618197        6.1117465459385603     

   8.3791985256274994        25.568987661016475        16.455134154597726     

   7.5440489722394251       0.73421118190607304        5.7792840208991461     

   15.090826906670355        8.5202965983480823        25.785139439906253     

   16.493486334562160        21.769838359192910        28.617521994204779     

   23.876315117727103        10.213166530537379        4.5853590128065198     

   2.7244418560626360        13.814443056562062        15.205274242385418     

   9.1850001285618870        25.311511389526913        8.6556453790901990     

   17.005653064892005        9.2942396242808663        22.311319394853221     

   26.331370689533593        10.914179268793111        21.192510006923690     

   7.8240803991857923        28.456196696941788        10.202456865633129     

   3.8320181067650458        21.730579123687836        27.823493300199654     

   4.4884100109848388        20.627342729212046        6.2065750632623091     

   18.286901262271741        9.0754846268912240E-002   3.5285360836772188     

   20.939119595080705        9.0894223345436620E-002   13.094194246863882     

   28.053305492681961        14.164320932716118        8.9151666111848478     

   18.637286869202082        12.144893217604814        1.7179465409381565     

   27.674910683442061        9.8894811029076024        25.522982926399514     

   9.6778547168564923        15.454952483281541        22.112194097414182     

   20.243753025252065        13.630730941536450        24.932785131660523     

   7.0881539687268598        13.312368336562727        24.751582198199909     

   23.962075381925747        5.7267243905809719        21.508679349312231     

   7.9438202013497206        9.8696891964901408        2.2536101030223259     

   3.5257807273593862        21.624405159247569        15.081714189583565     

   26.759844526501961        7.7152343661274552        6.3973347512529379     

   5.7584545723514404        23.848515368715070        10.668946977017470     

   11.907534853114280        4.9109091212869274        13.794317268728191     

   15.182347375428050        16.034247728597649        7.7114071320559843     

   22.749471935016832        4.2704931078354420        1.6563336198245029     

   10.690255752696816        27.936217362241884        14.393560035937268     

   3.7996311920067352        4.7276882546684771        24.988525253957675     

   21.943073424650478        1.8929820641465140        9.6597461989507423     

   8.2604573143989573        3.1702416429396316        16.049386234302805     

   24.075832787580353        17.885538634374438        3.0044289523366712     

   22.028708348313518        23.794969316411859        18.330912497921158     

   25.602176130616279        28.416183524103165        23.762187627293429     

   20.654434750493731        10.282121741413070        23.248543172947212     

   10.248355254932997        3.7210372091066826        20.445951502628187     

   8.8773954382132700        6.4028451631785117        14.466437105618631     

   19.664020071482014        5.5534414359028208        6.6708797072968196     

  0.58034140148213864        7.1023582122479247        18.195295483532071     

   19.320786057117310        20.049340147412519        21.931934234352870     

   28.694354563953098     
