           1  0.25706131898886941     
           2  0.26726011929440452     
           3  0.26260906002696383     
           4  0.26260906002696383     
           5  0.25296350831689607     
           6  0.24489533932535212     
           7  0.24489533932535212     
           8  0.24489533932535212     
           9  0.24278770324551724     
          10  0.23788970172558099     
          11  0.25446687632223630     
          12  0.25446687632223630     
          13  0.25519847127076611     
          14  0.25519847127076611     
          15  0.25519847127076611     
          16  0.25178796278561921     
          17  0.25069281590825943     
          18  0.24456837037659551     
          19  0.24085105052203770     
          20  0.23461193975340100     
          21  0.23461193975340100     
          22  0.23461193975340100     
          23  0.23768122063347097     
          24  0.24198688160516313     
          25  0.23207090555351417     
          26  0.23207090555351417     
          27  0.23284222012761790     
          28  0.23284222012761790     
          29  0.23461035440989109     
          30  0.23461035440989109     
          31  0.23188844938571584     
          32  0.24002003733962118     
          33  0.24300405337024333     
          34  0.24008076882411800     
          35  0.24008076882411800     
          36  0.23575048613368044     
          37  0.23770616191441329     
          38  0.23770616191441329     
          39  0.22993381471726426     
          40  0.22993381471726426     
          41  0.22993381471726426     
          42  0.22993381471726426     
          43  0.23392309082375340     
          44  0.23392309082375340     
          45  0.23392309082375340     
          46  0.23582664908724615     
          47  0.23582664908724615     
          48  0.23582664908724615     
          49  0.23582664908724615     
          50  0.23582664908724615     
          51  0.23747280659180703     
          52  0.23747280659180703     
          53  0.23481183953426765     
          54  0.23481183953426765     
          55  0.23266188458141546     
          56  0.23266188458141546     
          57  0.24010601213160587     
          58  0.23912248385151080     
          59  0.24322671285593556     
          60  0.24322671285593556     
          61  0.24737488075233405     
          62  0.24876559512980068     
          63  0.24406338931180760     
          64  0.25604467624994720     
          65  0.25669282158543860     
          66  0.25603125178814012     
          67  0.25603125178814012     
          68  0.25603125178814012     
          69  0.26576959844837977     
          70  0.26593057213739268     
          71  0.26785428861761573     
          72  0.26785428861761573     
          73  0.26785428861761573     
          74  0.26832549300502484     
          75  0.26902260860695104     
          76  0.26902260860695104     
          77  0.25472505662983080     
          78  0.25701353658926573     
          79  0.26035786414202822     
          80  0.26031865992899073     
          81  0.25680662699366941     
          82  0.25680662699366941     
          83  0.25680662699366941     
          84  0.25717902647644031     
          85  0.25717902647644031     
          86  0.25717902647644031     
          87  0.25772968944149921     
          88  0.25935513859961945     
          89  0.25935513859961945     
          90  0.25803792757519706     
          91  0.25288262725040400     
          92  0.25288262725040400     
          93  0.25071494081207879     
          94  0.24998469259501666     
          95  0.24998469259501666     
          96  0.24998469259501666     
          97  0.25243039328307149     
          98  0.25151118839578646     
          99  0.25151118839578646     
         100  0.25151118839578646     
         101  0.25151118839578646     
         102  0.25249010403125682     
         103  0.25342227476658896     
         104  0.25342227476658896     
         105  0.25342227476658896     
         106  0.25342227476658896     
         107  0.25279002951974483     
         108  0.25778907866890710     
         109  0.25778907866890710     
         110  0.24494511330653801     
         111  0.24562782563113283     
         112  0.24531112562213264     
         113  0.23975323984214814     
         114  0.23975323984214814     
         115  0.24078312057148077     
         116  0.24078312057148077     
         117  0.24078312057148077     
         118  0.24078312057148077     
         119  0.24119462051597196     
         120  0.24119462051597196     
         121  0.23858107933725725     
         122  0.23766184603328167     
         123  0.23766184603328167     
         124  0.23766184603328167     
         125  0.23598764288024554     
         126  0.23598764288024554     
         127  0.24172372586295621     
         128  0.24172372586295621     
         129  0.24172372586295621     
         130  0.24172372586295621     
         131  0.24069801008924985     
         132  0.24232961519972773     
         133  0.24240257067226290     
         134  0.24323890541548276     
         135  0.24186598274548443     
         136  0.23928313623375808     
         137  0.23296537047895305     
         138  0.23397394943154748     
         139  0.23397394943154748     
         140  0.23727051628623352     
         141  0.22823794677527742     
         142  0.22880785323644093     
         143  0.22919333936998953     
         144  0.22487743391697756     
         145  0.22137942899790120     
         146  0.22234238679921003     
         147  0.22111979603341569     
         148  0.22111979603341569     
         149  0.22111979603341569     
         150  0.22111979603341569     
         151  0.21058942965518190     
         152  0.21058942965518190     
         153  0.21028217343553446     
         154  0.20770443626347745     
         155  0.20728404646176168     
         156  0.20728404646176168     
         157  0.20738160256656724     
         158  0.20738160256656724     
         159  0.21346261438537362     
         160  0.21346261438537362     
         161  0.21346261438537362     
         162  0.21514276555579637     
         163  0.21514276555579637     
         164  0.21514276555579637     
         165  0.21514276555579637     
         166  0.20778102776794827     
         167  0.19991725493867551     
         168  0.19874737732144732     
         169  0.19874737732144732     
         170  0.19874737732144732     
         171  0.19834618839112828     
         172  0.21079570966343997     
         173  0.21079570966343997     
         174  0.21079570966343997     
         175  0.21167520108753146     
         176  0.21222161432642406     
         177  0.21222161432642406     
         178  0.21620327907728154     
         179  0.21097818980295224     
         180  0.21434130959267705     
         181  0.20803649082840281     
         182  0.21041233751718369     
         183  0.21041233751718369     
         184  0.21041233751718369     
         185  0.20179839252622600     
         186  0.20179839252622600     
         187  0.20649613870669159     
         188  0.20649613870669159     
         189  0.21526062280882419     
         190  0.21526062280882419     
         191  0.21473814587567552     
         192  0.21549103500601297     
         193  0.21549103500601297     
         194  0.21193027988090318     
         195  0.20951509673617530     
         196  0.20951509673617530     
         197  0.20862547063313064     
         198  0.20862547063313064     
         199  0.20872315914443618     
         200  0.21005323491783068     
         201  0.21005323491783068     
         202  0.21005323491783068     
         203  0.20670752221557820     
         204  0.20569844871975729     
         205  0.21220848064443387     
         206  0.21220848064443387     
         207  0.21220848064443387     
         208  0.21347988092915327     
         209  0.21347988092915327     
         210  0.21677827653489368     
         211  0.21677827653489368     
         212  0.21677827653489368     
         213  0.21677827653489368     
         214  0.21794212211680219     
         215  0.21794212211680219     
         216  0.20774622988442204     
         217  0.20913382787738144     
         218  0.20913382787738144     
         219  0.20913382787738144     
         220  0.21061197268438125     
         221  0.20352385303326737     
         222  0.20395572184378385     
         223  0.19657000802894131     
         224  0.20362210290599536     
         225  0.20018919528348744     
         226  0.20594188958354109     
         227  0.20591762530098257     
         228  0.20270225668324537     
         229  0.20270225668324537     
         230  0.20270225668324537     
         231  0.20270225668324537     
         232  0.20270225668324537     
         233  0.20170919650898400     
         234  0.19371144214143177     
         235  0.19394122279681680     
         236  0.19394122279681680     
         237  0.19472375551052890     
         238  0.19760963844533197     
         239  0.20744636238105307     
         240  0.20744636238105307     
         241  0.20744636238105307     
         242  0.20744636238105307     
         243  0.20744636238105307     
         244  0.20744636238105307     
         245  0.20744636238105307     
         246  0.20744636238105307     
         247  0.20744636238105307     
         248  0.20744636238105307     
         249  0.20578187557249283     
         250  0.20578187557249283     
         251  0.20578187557249283     
         252  0.20189607862227332     
         253  0.20511455887786567     
         254  0.20511455887786567     
         255  0.20723915043732932     
         256  0.19765517175923464     
         257  0.19251325696444688     
         258  0.19251325696444688     
         259  0.19308753678163326     
         260  0.19308753678163326     
         261  0.19308753678163326     
         262  0.19308753678163326     
         263  0.19609999149784907     
         264  0.19784187210114557     
         265  0.19784187210114557     
         266  0.19836424458889368     
         267  0.19836424458889368     
         268  0.19487438092003939     
         269  0.19080502529124244     
         270  0.17887586371130826     
         271  0.17887586371130826     
         272  0.18779747697364624     
         273  0.18609108955952547     
         274  0.18609108955952547     
         275  0.18362564062880293     
         276  0.18362564062880293     
         277  0.18362564062880293     
         278  0.18763690796647181     
         279  0.18632816078653847     
         280  0.19089662266640672     
         281  0.19089662266640672     
         282  0.17931803355886311     
         283  0.18528637706460438     
         284  0.18606204942759741     
         285  0.18681371407330749     
         286  0.18237609587234116     
         287  0.18689204850211338     
         288  0.18689204850211338     
         289  0.18689204850211338     
         290  0.18431451131355991     
         291  0.18357642295847432     
         292  0.18357642295847432     
         293  0.18277590722251236     
         294  0.18078594034258433     
         295  0.18101112619324655     
         296  0.18101112619324655     
         297  0.18084508695581936     
         298  0.17761369326392373     
         299  0.17761369326392373     
         300  0.17828237736524111     
         301  0.17698159017268800     
         302  0.16997797361832567     
         303  0.16937034906917958     
         304  0.17077403535387792     
         305  0.17077403535387792     
         306  0.17120326307097822     
         307  0.17120326307097822     
         308  0.17120326307097822     
         309  0.17120326307097822     
         310  0.18124901575498087     
         311  0.17128095527195042     
         312  0.17738834397117542     
         313  0.17673393272004567     
         314  0.17730281875372567     
         315  0.17730281875372567     
         316  0.17730281875372567     
         317  0.17730281875372567     
         318  0.17730281875372567     
         319  0.18617594756380840     
         320  0.18617594756380840     
         321  0.18746347200157520     
         322  0.18746347200157520     
         323  0.18746347200157520     
         324  0.18632517647375957     
         325  0.18632517647375957     
         326  0.18516475521112830     
         327  0.18516475521112830     
         328  0.19237599773496139     
         329  0.19848743615544373     
         330  0.19848743615544373     
         331  0.19885922665695455     
         332  0.19648386252279237     
         333  0.20673330109118637     
         334  0.20526069883968068     
         335  0.20426774991583441     
         336  0.20005503091163190     
         337  0.20005503091163190     
         338  0.20005503091163190     
         339  0.20289760050267358     
         340  0.20809745798109491     
         341  0.20809745798109491     
         342  0.20834076232336318     
         343  0.21100990152986843     
         344  0.20442768436446490     
         345  0.19855345089654464     
         346  0.19855345089654464     
         347  0.19658219805202226     
         348  0.19658219805202226     
         349  0.19626491550374836     
         350  0.19626491550374836     
         351  0.19626491550374836     
         352  0.19770590752097617     
         353  0.19770590752097617     
         354  0.19420778345844059     
         355  0.19733588774391397     
         356  0.19733588774391397     
         357  0.19733588774391397     
         358  0.19733588774391397     
         359  0.19815486309976205     
         360  0.18881069576195164     
         361  0.18726326313311403     
         362  0.18726326313311403     
         363  0.18284954546087218     
         364  0.18056443631473018     
         365  0.18019120589019200     
         366  0.18019120589019200     
         367  0.18267204716254026     
         368  0.16965736924193686     
         369  0.16965736924193686     
         370  0.16806064274565002     
         371  0.16258477287189022     
         372  0.15202229476301277     
         373  0.15359028949596587     
         374  0.15232194984588110     
         375  0.15834426230103493     
         376  0.16073071596563004     
         377  0.17150316666997745     
         378  0.18047480387265336     
         379  0.18125404285521551     
         380  0.18125404285521551     
         381  0.18125404285521551     
         382  0.17651431399231710     
         383  0.17651431399231710     
         384  0.18058674459842361     
         385  0.18058674459842361     
         386  0.18512957357076421     
         387  0.16785865863369875     
         388  0.17299159151614163     
         389  0.16350254740116710     
         390  0.16320830258370467     
         391  0.16141315289615454     
         392  0.15756288041001842     
         393  0.15756288041001842     
         394  0.15756288041001842     
         395  0.15756288041001842     
         396  0.16116199984708190     
         397  0.15311772444682015     
         398  0.16400642572255353     
         399  0.16071669976626746     
         400  0.16188107121172912     
         401  0.15579488994005941     
         402  0.15445473662504194     
         403  0.15445473662504194     
         404  0.15445473662504194     
         405  0.15445473662504194     
         406  0.15427856552839447     
         407  0.15427856552839447     
         408  0.15427856552839447     
         409  0.15192345365041804     
         410  0.15104900600703308     
         411  0.15104900600703308     
         412  0.15976292326384511     
         413  0.15976292326384511     
         414  0.15747094556685604     
         415  0.15747094556685604     
         416  0.15747094556685604     
         417  0.15747094556685604     
         418  0.15480477844770313     
         419  0.15512165208610151     
         420  0.15778974482923480     
         421  0.16033362120254768     
         422  0.16033362120254768     
         423  0.17415489781944271     
         424  0.17415489781944271     
         425  0.18169084409277736     
         426  0.18096967343560688     
         427  0.17084196461455470     
         428  0.18463477104947035     
         429  0.18463477104947035     
         430  0.18124357798356139     
         431  0.18583305745973278     
         432  0.18583305745973278     
         433  0.18583305745973278     
         434  0.19450866984121751     
         435  0.19353647553310982     
         436  0.19353647553310982     
         437  0.19353647553310982     
         438  0.19353647553310982     
         439  0.19353647553310982     
         440  0.19353647553310982     
         441  0.20499951045810738     
         442  0.20140389353711863     
         443  0.21273577889562700     
         444  0.20219050646641978     
         445  0.20461059106899104     
         446  0.20084215907460701     
         447  0.20084215907460701     
         448  0.20084215907460701     
         449  0.19929001651261868     
         450  0.19676673200732753     
         451  0.19676673200732753     
         452  0.19676673200732753     
         453  0.18291494206351333     
         454  0.18291494206351333     
         455  0.18291494206351333     
         456  0.18006650579820860     
         457  0.17841106072576196     
         458  0.18511639496177923     
         459  0.18511639496177923     
         460  0.17995439003621527     
         461  0.18512709215148282     
         462  0.18472133026187454     
         463  0.18651806891585843     
         464  0.18651806891585843     
         465  0.18651806891585843     
         466  0.18651806891585843     
         467  0.18397360262507501     
         468  0.17909497269840580     
         469  0.18237503682367329     
         470  0.18237503682367329     
         471  0.17525108953380120     
         472  0.17521069468576134     
         473  0.17521069468576134     
         474  0.17521069468576134     
         475  0.17521069468576134     
         476  0.17521069468576134     
         477  0.17401458184016427     
         478  0.17549968879837319     
         479  0.17682258829105979     
         480  0.17682258829105979     
         481  0.17580134639882850     
         482  0.17715906546882698     
         483  0.17174608754586129     
         484  0.17174608754586129     
         485  0.17059646283485674     
         486  0.18104690274114066     
         487  0.18026440309491309     
         488  0.18892134138297567     
         489  0.18892134138297567     
         490  0.18557641470654340     
         491  0.18557641470654340     
         492  0.17976373227655296     
         493  0.17976373227655296     
         494  0.17976373227655296     
         495  0.18517991287112279     
         496  0.18517991287112279     
         497  0.18196448881681648     
         498  0.18120066184579098     
         499  0.17989264302437002     
         500  0.17530639123416203     
         501  0.18102168918435313     
         502  0.18102168918435313     
         503  0.17526946515621200     
         504  0.17526946515621200     
         505  0.17526946515621200     
         506  0.18874973818510521     
         507  0.19151892932940340     
         508  0.19344297586045800     
         509  0.19344297586045800     
         510  0.19344297586045800     
         511  0.19001627726243331     
         512  0.18206170858644988     
         513  0.18206170858644988     
         514  0.18206170858644988     
         515  0.18146624917463228     
         516  0.18146624917463228     
         517  0.18146624917463228     
         518  0.18146624917463228     
         519  0.18146624917463228     
         520  0.17819181178234966     
         521  0.17819181178234966     
         522  0.18136384974605468     
         523  0.18136384974605468     
         524  0.18136384974605468     
         525  0.18136384974605468     
         526  0.17619788150068338     
         527  0.17436975700257007     
         528  0.17438843395389647     
         529  0.17576587819026968     
         530  0.17576587819026968     
         531  0.17445465897448897     
         532  0.18147313309041435     
         533  0.19061788438841354     
         534  0.19193064657080605     
         535  0.18801523039214307     
         536  0.19159324851282900     
         537  0.19159324851282900     
         538  0.19944547337760954     
         539  0.19944547337760954     
         540  0.19944547337760954     
         541  0.19944547337760954     
         542  0.19903379596110049     
         543  0.19233910701559698     
         544  0.18950028658724760     
         545  0.19170320642204108     
         546  0.19170320642204108     
         547  0.19170320642204108     
         548  0.19170320642204108     
         549  0.19170320642204108     
         550  0.19170320642204108     
         551  0.19049282672286594     
         552  0.18531878484515418     
         553  0.18511220673370399     
         554  0.18511220673370399     
         555  0.18511220673370399     
         556  0.18511220673370399     
         557  0.18331280749757195     
         558  0.18331280749757195     
         559  0.18970180002965742     
         560  0.18932126751407197     
         561  0.19025254800942759     
         562  0.19025254800942759     
         563  0.19815535163798870     
         564  0.20052936478040195     
         565  0.19677324073181335     
         566  0.19677324073181335     
         567  0.20315973379778096     
         568  0.20315973379778096     
         569  0.19341314888721939     
         570  0.19194821384950556     
         571  0.19194821384950556     
         572  0.19727676980698361     
         573  0.19727676980698361     
         574  0.18481325337679333     
         575  0.18481325337679333     
         576  0.18481325337679333     
         577  0.18271180557271360     
         578  0.18271180557271360     
         579  0.18250478361395250     
         580  0.18250478361395250     
         581  0.18614141344670510     
         582  0.18614141344670510     
         583  0.18726108679190900     
         584  0.18260504606898975     
         585  0.18284652475379437     
         586  0.18378176547688618     
         587  0.18365589584102460     
         588  0.18365589584102460     
         589  0.18770643182900537     
         590  0.18760963600781910     
         591  0.19662615706465392     
         592  0.19662615706465392     
         593  0.19662615706465392     
         594  0.20034791669246088     
         595  0.20214229064148370     
         596  0.20214229064148370     
         597  0.19725083241544750     
         598  0.19725083241544750     
         599  0.19725083241544750     
         600  0.19725083241544750     
         601  0.20295419542673632     
         602  0.20295419542673632     
         603  0.20210195327712410     
         604  0.20210195327712410     
         605  0.19894240667765029     
         606  0.21859814473150674     
         607  0.21859814473150674     
         608  0.22013242744435646     
         609  0.22040921799701496     
         610  0.22093850235255763     
         611  0.22327640966879614     
         612  0.23392562150793728     
         613  0.23392562150793728     
         614  0.23161204138070779     
         615  0.23161204138070779     
         616  0.23361533786634048     
         617  0.25676248385662725     
         618  0.25676248385662725     
         619  0.24932214949381704     
         620  0.24932214949381704     
         621  0.25133462312400667     
         622  0.24768429218858523     
         623  0.24768429218858523     
         624  0.24768429218858523     
         625  0.24768429218858523     
         626  0.25819544803319128     
         627  0.25890447183383858     
         628  0.25890447183383858     
         629  0.25890447183383858     
         630  0.25745743095866180     
         631  0.26122099148446531     
         632  0.26205780822580194     
         633  0.27103336193253591     
         634  0.28129948307038111     
         635  0.29147897337709983     
         636  0.28481219555734583     
         637  0.28341097262270487     
         638  0.27627928483543063     
         639  0.26497420508151726     
         640  0.26497420508151726     
         641  0.26497420508151726     
         642  0.26503641276730427     
         643  0.26503641276730427     
         644  0.26395852437643008     
         645  0.26338171724559289     
         646  0.26338171724559289     
         647  0.26338171724559289     
         648  0.25827499488755479     
         649  0.25437185832855913     
         650  0.25179746986911444     
         651  0.25179746986911444     
         652  0.25670928118483582     
         653  0.25670928118483582     
         654  0.25670928118483582     
         655  0.25464466124807783     
         656  0.25436015826867819     
         657  0.24473224426788687     
         658  0.23772499678349590     
         659  0.23775030248206352     
         660  0.23631105976959188     
         661  0.23935257224807094     
         662  0.23935257224807094     
         663  0.24147773049050003     
         664  0.24147773049050003     
         665  0.24084505052329375     
         666  0.23314623756204000     
         667  0.23456796722736828     
         668  0.23739841954864149     
         669  0.23497984369191427     
         670  0.23229934204549207     
         671  0.23229934204549207     
         672  0.23229934204549207     
         673  0.23229934204549207     
         674  0.22832486480472858     
         675  0.22832486480472858     
         676  0.22813090104450395     
         677  0.22756616347549630     
         678  0.22902902870437469     
         679  0.22902902870437469     
         680  0.22902902870437469     
         681  0.23647612037701016     
         682  0.23647612037701016     
         683  0.23617232856712700     
         684  0.23617232856712700     
         685  0.23617232856712700     
         686  0.23849675595048370     
         687  0.23849675595048370     
         688  0.23744295262458570     
         689  0.23025587443300555     
         690  0.23052174733049091     
         691  0.23052174733049091     
         692  0.22873439881407498     
         693  0.22601152278800141     
         694  0.22465628311701746     
         695  0.22465628311701746     
         696  0.22216028960539291     
         697  0.22216028960539291     
         698  0.21900916861100528     
         699  0.21900916861100528     
         700  0.21824388712596654     
         701  0.21783359518751266     
         702  0.22445678056966856     
         703  0.22445678056966856     
         704  0.22445678056966856     
         705  0.22445678056966856     
         706  0.22445678056966856     
         707  0.22238191765330517     
         708  0.22384842213866873     
         709  0.22772007194137744     
         710  0.22432964245731313     
         711  0.22432964245731313     
         712  0.22432964245731313     
         713  0.22432964245731313     
         714  0.23219986644739898     
         715  0.23501867236771123     
         716  0.23501867236771123     
         717  0.23501867236771123     
         718  0.23748398689379624     
         719  0.23748398689379624     
         720  0.23748398689379624     
         721  0.23276675643959754     
         722  0.22990133667884527     
         723  0.22990133667884527     
         724  0.22990133667884527     
         725  0.22986548974912269     
         726  0.22089194479485852     
         727  0.22102051518589860     
         728  0.22307752353127430     
         729  0.22516484008466342     
         730  0.22754794547277968     
         731  0.21987912647991592     
         732  0.21987912647991592     
         733  0.22367049997885446     
         734  0.22367049997885446     
         735  0.22461626748523333     
         736  0.22026581801104406     
         737  0.22185441199087264     
         738  0.22185441199087264     
         739  0.22185441199087264     
         740  0.22462430701597691     
         741  0.22462430701597691     
         742  0.21996034763030214     
         743  0.21996034763030214     
         744  0.22362522307041044     
         745  0.22362522307041044     
         746  0.22389413668120384     
         747  0.22925460505995243     
         748  0.22837903317399533     
         749  0.22837903317399533     
         750  0.22837903317399533     
         751  0.22842836566918046     
         752  0.23957544501263539     
         753  0.23983752384579715     
         754  0.23983752384579715     
         755  0.24365908679859316     
         756  0.24449621875606475     
         757  0.24123166911137717     
         758  0.24123166911137717     
         759  0.23937118990298722     
         760  0.23937118990298722     
         761  0.23784038082091497     
         762  0.24579835756825497     
         763  0.24335172631111124     
         764  0.24335172631111124     
         765  0.24335172631111124     
         766  0.24383342460307511     
         767  0.24383342460307511     
         768  0.24610276902343342     
         769  0.24942561010431752     
         770  0.25213690885364637     
         771  0.25213690885364637     
         772  0.25436700769984710     
         773  0.25436700769984710     
         774  0.25436700769984710     
         775  0.25156887927156846     
         776  0.25156887927156846     
         777  0.25126671227983133     
         778  0.24243266688598941     
         779  0.23697607691983158     
         780  0.23984372171700807     
         781  0.23984372171700807     
         782  0.23984372171700807     
         783  0.23707639459981356     
         784  0.23707639459981356     
         785  0.23293441636178147     
         786  0.24130413025439046     
         787  0.24969288202090323     
         788  0.24969288202090323     
         789  0.24566241611560979     
         790  0.25180841145060218     
         791  0.25447156416261463     
         792  0.25938831199387236     
         793  0.25938831199387236     
         794  0.26660344191621277     
         795  0.26660344191621277     
         796  0.26484844615054837     
         797  0.26484844615054837     
         798  0.26601261108585261     
         799  0.26399939703901854     
         800  0.26027871730046093     
         801  0.26122866106407006     
         802  0.26122866106407006     
         803  0.25914960216378435     
         804  0.25577253359822782     
         805  0.24915680415670616     
         806  0.24258433866631279     
         807  0.25092678569213545     
         808  0.25092678569213545     
         809  0.24690832366610682     
         810  0.24690832366610682     
         811  0.24690832366610682     
         812  0.24690832366610682     
         813  0.24720077945049190     
         814  0.24720077945049190     
         815  0.24986683672425136     
         816  0.24525102146106870     
         817  0.24582126422450623     
         818  0.24194492590789818     
         819  0.24194492590789818     
         820  0.24513845910931786     
         821  0.24513845910931786     
         822  0.24513845910931786     
         823  0.23727064392265118     
         824  0.23726459858925819     
         825  0.23291975488862249     
         826  0.23406600953018220     
         827  0.23057294550526974     
         828  0.22850918136823206     
         829  0.22850918136823206     
         830  0.22850918136823206     
         831  0.22850918136823206     
         832  0.21127736941160158     
         833  0.21127736941160158     
         834  0.20796042686778937     
         835  0.20990144949751155     
         836  0.20680161778939576     
         837  0.19910553973729661     
         838  0.19835807771071223     
         839  0.19835807771071223     
         840  0.19596790665361663     
         841  0.19596790665361663     
         842  0.19596790665361663     
         843  0.19279833626366116     
         844  0.18775036904020481     
         845  0.18775036904020481     
         846  0.18775036904020481     
         847  0.18775036904020481     
         848  0.17887399342246080     
         849  0.18466733753936215     
         850  0.18199484805525312     
         851  0.18012018731595358     
         852  0.18098153345864287     
         853  0.17014320406764438     
         854  0.16604824443867838     
         855  0.17112205300295835     
         856  0.17456344581962324     
         857  0.18883868684319871     
         858  0.18792576522886340     
         859  0.19820322799584333     
         860  0.19524386804377480     
         861  0.19648422387573339     
         862  0.19644671832077665     
         863  0.19933140145379291     
         864  0.19933140145379291     
         865  0.19933140145379291     
         866  0.19933140145379291     
         867  0.19571745686342001     
         868  0.19659840484041813     
         869  0.19741054893274579     
         870  0.19850935071460862     
         871  0.19460024062921188     
         872  0.19460024062921188     
         873  0.19315158047098946     
         874  0.19481440050264298     
         875  0.19721995463656372     
         876  0.19721995463656372     
         877  0.20102921265104035     
         878  0.20102921265104035     
         879  0.20082543488473581     
         880  0.20082543488473581     
         881  0.20082543488473581     
         882  0.20082543488473581     
         883  0.20041362250211980     
         884  0.20658409117737098     
         885  0.21363571722263586     
         886  0.21363571722263586     
         887  0.21363571722263586     
         888  0.21363571722263586     
         889  0.21398568862037115     
         890  0.20804841045792843     
         891  0.20763293169296759     
         892  0.20130936524482046     
         893  0.20958561871137771     
         894  0.20958561871137771     
         895  0.20958561871137771     
         896  0.20958561871137771     
         897  0.20612296161255073     
         898  0.20591864732873366     
         899  0.20975038765318044     
         900  0.20975038765318044     
         901  0.20975038765318044     
         902  0.20975038765318044     
         903  0.20467926584534324     
         904  0.20467926584534324     
         905  0.20467926584534324     
         906  0.22002892039924571     
         907  0.21953846503218177     
         908  0.21953846503218177     
         909  0.21731371740815397     
         910  0.21731371740815397     
         911  0.21731371740815397     
         912  0.21731371740815397     
         913  0.21838278226515773     
         914  0.21371695734501184     
         915  0.21371695734501184     
         916  0.21336044886377492     
         917  0.21215277199396743     
         918  0.21505895968652877     
         919  0.21505895968652877     
         920  0.21657082317965182     
         921  0.21657082317965182     
         922  0.21657082317965182     
         923  0.21304972507666509     
         924  0.21513128531879799     
         925  0.21885756293590053     
         926  0.21793860285838418     
         927  0.21793860285838418     
         928  0.21793860285838418     
         929  0.21540770064319514     
         930  0.23003150543332518     
         931  0.23136849045184704     
         932  0.22943840040709029     
         933  0.22749354428934099     
         934  0.22749354428934099     
         935  0.22749354428934099     
         936  0.22278060342943429     
         937  0.22278060342943429     
         938  0.22278060342943429     
         939  0.22278060342943429     
         940  0.22543843906610028     
         941  0.22899064965359450     
         942  0.22704106844778416     
         943  0.22704106844778416     
         944  0.23276848277171103     
         945  0.23276848277171103     
         946  0.23491473770514559     
         947  0.23491473770514559     
         948  0.23491473770514559     
         949  0.23252174664302827     
         950  0.23047556114367240     
         951  0.22808801741643658     
         952  0.22808801741643658     
         953  0.22808801741643658     
         954  0.23382917841698847     
         955  0.23382917841698847     
         956  0.23383615971443650     
         957  0.23079214737615661     
         958  0.23079214737615661     
         959  0.23079214737615661     
         960  0.22514863033122745     
         961  0.22898909822409641     
         962  0.23682878080484582     
         963  0.22959043102067778     
         964  0.22167774748658142     
         965  0.21566708128071788     
         966  0.21059809710952793     
         967  0.20934618240808989     
         968  0.20982026334610226     
         969  0.20997557728071470     
         970  0.20997557728071470     
         971  0.18822006866058871     
         972  0.19197193578457816     
         973  0.19930017965949154     
         974  0.19930017965949154     
         975  0.19930017965949154     
         976  0.19930017965949154     
         977  0.20848793103111607     
         978  0.20848793103111607     
         979  0.20848793103111607     
         980  0.20807862916387954     
         981  0.20586393870401054     
         982  0.20683951937446687     
         983  0.20683951937446687     
         984  0.20683951937446687     
         985  0.20942273139842793     
         986  0.20942273139842793     
         987  0.21272510602361827     
         988  0.21272510602361827     
         989  0.21639713703732166     
         990  0.21322080124013065     
         991  0.21065421853561928     
         992  0.21065421853561928     
         993  0.21065421853561928     
         994  0.20851808022744112     
         995  0.20922364041681696     
         996  0.20922364041681696     
         997  0.20922364041681696     
         998  0.20922364041681696     
         999  0.21040692454135068     
        1000   0.0000000000000000     
