           1  -341.67767813201624     
           2  -318.91821526732764     
           3  -316.92991902722974     
           4  -315.38521514060852     
           5  -339.42283595841616     
           6  -344.17780289845831     
           7  -320.87809353163533     
           8  -319.18555990309358     
           9  -328.61465412348593     
          10  -336.58703886537205     
          11  -343.03525740397998     
          12  -330.51389055507360     
          13  -328.93252385595747     
          14  -329.11802812791723     
          15  -311.34770844111347     
          16  -338.20315047142009     
          17  -327.94788445559487     
          18  -334.77542477886374     
          19  -331.86130480970689     
          20  -315.02953091152295     
          21  -312.00019628270041     
          22  -339.10095224747704     
          23  -335.64436513287194     
          24  -340.72405667339001     
          25  -338.68749404231852     
          26  -302.74451459196155     
          27  -328.49219573013460     
          28  -361.64553513806516     
          29  -337.45275079913284     
          30  -333.79583279344166     
          31  -340.58311796986112     
          32  -343.20123109057954     
          33  -338.38109255721457     
          34  -318.89987329702308     
          35  -363.04561168319265     
          36  -333.49754029326863     
          37  -348.64775220982506     
          38  -316.28973343330853     
          39  -306.69879718273165     
          40  -326.90818373946468     
          41  -351.64200645731501     
          42  -358.98255767222804     
          43  -332.37162998391881     
          44  -354.42050247041067     
          45  -327.17166610785512     
          46  -350.97631882027264     
          47  -319.13462626024932     
          48  -341.30804567270866     
          49  -326.49737704003309     
          50  -323.43027611724551     
          51  -306.41403895152661     
          52  -318.43601781532237     
          53  -340.02973748470578     
          54  -356.34028445230496     
          55  -342.16349808900907     
          56  -324.84951366286487     
          57  -319.15416952864041     
          58  -326.80578951320268     
          59  -350.54039160543931     
          60  -338.51436221022010     
          61  -334.99225623948570     
          62  -331.44622263810714     
          63  -345.75243036291380     
          64  -306.70425522249781     
          65  -346.65777280629601     
          66  -329.95407314399887     
          67  -326.83600629802055     
          68  -303.62562149382995     
          69  -317.99106997960314     
          70  -330.72925140697282     
          71  -320.92131035438547     
          72  -313.42853515870462     
          73  -332.01032953678867     
          74  -318.43406274285053     
          75  -335.57977360544589     
          76  -350.45269663583218     
          77  -331.13173631371308     
          78  -323.39551056889150     
          79  -348.93411035792195     
          80  -335.90260565879549     
          81  -335.95361756519333     
          82  -349.00407889140132     
          83  -337.68077776373644     
          84  -355.31194717920368     
          85  -335.10274947150896     
          86  -322.70159669063423     
          87  -351.18567834152014     
          88  -343.98370360448035     
          89  -321.40075178877078     
          90  -338.82139391311455     
          91  -334.35977516618732     
          92  -360.78811878635730     
          93  -332.38538091333169     
          94  -340.10174399309938     
          95  -339.51974821771910     
          96  -329.00861383986722     
          97  -347.04455052863227     
          98  -324.20029190920445     
          99  -335.84331763240561     
         100  -329.62912808377325     
         101  -304.96599027057812     
         102  -334.99599244301106     
         103  -347.93445614037057     
         104  -336.50333022333672     
         105  -332.24218142818751     
         106  -321.98827643788644     
         107  -349.21688503644162     
         108  -325.84226721405184     
         109  -352.76084559868116     
         110  -364.45849467627761     
         111  -311.05495407698129     
         112  -303.96734328110847     
         113  -334.89812268376170     
         114  -328.49443939048166     
         115  -305.41711249624387     
         116  -327.14261487009162     
         117  -331.15510904996262     
         118  -354.28396783620309     
         119  -321.76699168629392     
         120  -327.20269551524387     
         121  -338.22584955645164     
         122  -336.39357659211703     
         123  -327.14423472124281     
         124  -315.27735328159474     
         125  -340.49037161548017     
         126  -302.90551290333320     
         127  -342.50446676758793     
         128  -314.47392418456838     
         129  -361.66100356702481     
         130  -343.75543703387115     
         131  -331.09029261023835     
         132  -333.12149084319742     
         133  -327.37975472466405     
         134  -326.50665426852788     
         135  -335.18856931586208     
         136  -309.31339811550532     
         137  -330.02720956525582     
         138  -305.31029290027493     
         139  -317.46453852334901     
         140  -313.79778262088615     
         141  -321.56393952177581     
         142  -330.22402477913346     
         143  -349.07446947394084     
         144  -320.00368930885151     
         145  -346.11295550000386     
         146  -327.52749764253343     
         147  -340.94892252044741     
         148  -351.98333210286671     
         149  -315.65655459086759     
         150  -350.78207565493182     
         151  -339.80091872297169     
         152  -329.69380652830552     
         153  -313.09224727081630     
         154  -354.62160511188171     
         155  -351.91065139985841     
         156  -313.31230767788770     
         157  -332.37059909601163     
         158  -335.78140779722412     
         159  -373.77793554642074     
         160  -307.28652382622482     
         161  -335.40919814245950     
         162  -331.03110920338816     
         163  -316.64952871164257     
         164  -313.81150958897291     
         165  -347.76837697138643     
         166  -315.06994447636305     
         167  -332.88409595643458     
         168  -334.99673399095036     
         169  -317.88774280136960     
         170  -327.32184753465305     
         171  -349.15312411996109     
         172  -328.78185891370254     
         173  -345.64449873899395     
         174  -300.38042144221595     
         175  -349.17717589088784     
         176  -319.11009443588227     
         177  -340.65362651092369     
         178  -302.05421460497030     
         179  -335.44611932135285     
         180  -321.28906981997352     
         181  -320.73068271071833     
         182  -331.63834653844822     
         183  -341.32272553647186     
         184  -328.80727542805954     
         185  -326.66312476846281     
         186  -347.62320529372295     
         187  -341.10686825303117     
         188  -344.07936694913963     
         189  -328.38810097811046     
         190  -326.12907839530862     
         191  -330.80624256597804     
         192  -352.26429807865253     
         193  -327.53845466721810     
         194  -344.85702934189146     
         195  -332.09775759948991     
         196  -334.02465607779504     
         197  -309.35303806328551     
         198  -324.99090678520184     
         199  -322.02674069407794     
         200  -337.65323839025240     
         201  -302.99754478137896     
         202  -314.88674884329322     
         203  -344.31352801570250     
         204  -321.67151953970563     
         205  -305.84973349513405     
         206  -327.93948619816797     
         207  -347.85965107068449     
         208  -335.56353738413549     
         209  -327.73734695345428     
         210  -356.82055529912856     
         211  -331.08191889058514     
         212  -341.06379628409542     
         213  -335.65789287564655     
         214  -335.18956611358567     
         215  -388.73122142007907     
         216  -328.82641361743623     
         217  -326.01116033724554     
         218  -322.18673748802900     
         219  -338.88958516692770     
         220  -327.05432509031408     
         221  -336.91457080176332     
         222  -328.36370172985391     
         223  -342.89811778049705     
         224  -356.40471259982064     
         225  -309.10202309217635     
         226  -333.28761067001369     
         227  -321.23424692434031     
         228  -330.96762398702498     
         229  -333.48025295862271     
         230  -335.83753685740299     
         231  -342.04764965890985     
         232  -354.69226776621599     
         233  -345.62353585379947     
         234  -319.97589176791683     
         235  -306.73336475852619     
         236  -318.39206747864915     
         237  -341.20095720409478     
         238  -325.08597547054706     
         239  -326.25697439436397     
         240  -340.87023555547779     
         241  -336.73702413485114     
         242  -339.70328086310877     
         243  -360.80314319579509     
         244  -320.40915175095722     
         245  -337.88339254129710     
         246  -324.83178445193329     
         247  -323.86942107286393     
         248  -319.70847065602976     
         249  -329.07132277860939     
         250  -314.04840863864274     
         251  -338.17000067579124     
         252  -350.54907250682356     
         253  -339.27227987643852     
         254  -323.49310570182570     
         255  -332.58464532303134     
         256  -331.35353507056709     
         257  -346.84972745492371     
         258  -297.43332072951137     
         259  -333.75606349838881     
         260  -341.51948932106723     
         261  -326.74046445203368     
         262  -333.77490163515859     
         263  -324.02923207806714     
         264  -306.78441795851808     
         265  -326.21092110991248     
         266  -309.74299845015275     
         267  -349.83008690694692     
         268  -337.66506611664988     
         269  -351.61576789547098     
         270  -315.85765325823974     
         271  -331.31519264781696     
         272  -351.13704614415690     
         273  -349.79447599499719     
         274  -359.90316950290440     
         275  -339.39141061116061     
         276  -342.72001290541323     
         277  -324.40562651409613     
         278  -338.63883724720887     
         279  -335.51683246767783     
         280  -310.38007553463825     
         281  -328.68857769760393     
         282  -321.69046675862006     
         283  -332.62580306523716     
         284  -330.07626963196924     
         285  -339.19786613754633     
         286  -321.10953498561332     
         287  -362.20193093114983     
         288  -336.24835254836108     
         289  -324.31787688956297     
         290  -343.49565360876778     
         291  -349.37482524003201     
         292  -338.02795389336853     
         293  -320.44962456212386     
         294  -323.43089448182627     
         295  -343.53865007747822     
         296  -349.22383044848812     
         297  -342.18064792461394     
         298  -330.79519216581332     
         299  -315.97249826523586     
         300  -310.70215356815737     
         301  -326.64746864403867     
         302  -342.62533599753931     
         303  -324.59245150367633     
         304  -342.15350334638026     
         305  -333.82801714085986     
         306  -339.00398949461231     
         307  -306.68882414327032     
         308  -363.54169872506577     
         309  -350.71425286118290     
         310  -334.52921494421548     
         311  -363.97970964648550     
         312  -323.23356653712125     
         313  -344.22288921915487     
         314  -334.47777248677801     
         315  -348.99799865454992     
         316  -328.56330959240034     
         317  -350.44295994850785     
         318  -330.58163452630197     
         319  -326.23099455434897     
         320  -333.40771503031323     
         321  -332.80453004677759     
         322  -333.88439247150745     
         323  -309.83710504738241     
         324  -332.93715746197199     
         325  -310.99791396071510     
         326  -340.07649719674401     
         327  -345.53287809950973     
         328  -340.70814481009705     
         329  -336.68276676603529     
         330  -331.77802277472665     
         331  -343.17325347518442     
         332  -347.39804848965929     
         333  -341.04065145421771     
         334  -315.66176806965933     
         335  -342.25016698171351     
         336  -340.86187366433182     
         337  -311.76474242733275     
         338  -344.68897853940155     
         339  -326.62454090895039     
         340  -320.98394897424038     
         341  -340.90223671155235     
         342  -331.18786734971383     
         343  -310.35713048180145     
         344  -315.94369477455086     
         345  -320.17822862437004     
         346  -345.52002149053578     
         347  -323.91282270595883     
         348  -333.09253374303228     
         349  -337.54143202909881     
         350  -328.28023306022862     
         351  -349.22265323546344     
         352  -327.31168358910907     
         353  -314.48023644568354     
         354  -350.49096338198683     
         355  -342.14277282601120     
         356  -328.14125279611108     
         357  -316.99626262245044     
         358  -334.61827162800739     
         359  -306.14659714401284     
         360  -327.54023148330378     
         361  -323.21650249795618     
         362  -314.63286299588310     
         363  -326.56707602682070     
         364  -346.29802083358265     
         365  -348.04193214495768     
         366  -335.43538014135135     
         367  -318.97993438710000     
         368  -327.93517943464121     
         369  -348.32480265629584     
         370  -355.65769397375368     
         371  -348.90745502501358     
         372  -348.10374883482439     
         373  -337.63699442287964     
         374  -333.44777910392185     
         375  -360.87224414424196     
         376  -323.86949819477184     
         377  -329.10097730341585     
         378  -343.05394931684481     
         379  -319.41158369011123     
         380  -309.56526581689559     
         381  -336.91562195058685     
         382  -321.93850299014287     
         383  -321.59613293196179     
         384  -370.14329316358857     
         385  -324.13471360391037     
         386  -323.10746835503124     
         387  -326.69868987209736     
         388  -346.64731870032682     
         389  -329.30025585041682     
         390  -325.27747812319654     
         391  -345.65787606166361     
         392  -336.51949731266529     
         393  -334.02058660542286     
         394  -343.56137132954387     
         395  -321.13747699443496     
         396  -307.94970778037259     
         397  -317.74038097289912     
         398  -342.31122068765501     
         399  -321.79890641142561     
         400  -339.34085445420732     
         401  -348.85260581050073     
         402  -320.86112169490082     
         403  -316.62783560287562     
         404  -322.58952954141688     
         405  -321.07927939363935     
         406  -344.06209603309696     
         407  -346.81270318324187     
         408  -338.13066143604448     
         409  -348.81985962503984     
         410  -347.68132249621635     
         411  -325.97396562305988     
         412  -319.31582027110534     
         413  -316.50949849839526     
         414  -338.21629449071287     
         415  -331.55090775609580     
         416  -337.69329524092041     
         417  -337.44492013273361     
         418  -328.89227691652479     
         419  -349.46056774416479     
         420  -323.33205185936083     
         421  -325.94713178474154     
         422  -331.94652061800485     
         423  -322.14416587405731     
         424  -342.26765929818731     
         425  -350.60200446564079     
         426  -293.74793696351929     
         427  -329.18512768678528     
         428  -314.80873217260870     
         429  -349.22876547877706     
         430  -315.81385753296303     
         431  -326.41175886668304     
         432  -327.59792606332832     
         433  -334.88914213154828     
         434  -334.96022139242740     
         435  -318.30713458509564     
         436  -362.42932522898741     
         437  -315.85348548994165     
         438  -346.57342884161085     
         439  -338.03425519850714     
         440  -340.72751009057822     
         441  -310.44411157748834     
         442  -357.46037027250236     
         443  -317.14057932892842     
         444  -341.28076849691206     
         445  -316.62875323629254     
         446  -315.54593895357010     
         447  -332.17252528426280     
         448  -333.07609663493162     
         449  -334.26549960511602     
         450  -342.38450649939796     
         451  -347.98847150955766     
         452  -329.77955091653888     
         453  -330.56237351372994     
         454  -335.99441048634912     
         455  -339.63480833933005     
         456  -345.70543801857161     
         457  -339.00666924611249     
         458  -330.08764880477361     
         459  -353.75464380293863     
         460  -337.75679878104137     
         461  -331.13034495873757     
         462  -331.73687616718740     
         463  -316.44204209532921     
         464  -339.01977319986742     
         465  -322.66090356148061     
         466  -345.55109864614644     
         467  -344.30879167980049     
         468  -338.29788108589213     
         469  -319.14012077692979     
         470  -333.53757398208586     
         471  -345.00288659444118     
         472  -352.92489306725025     
         473  -347.73569521284048     
         474  -328.29101713267391     
         475  -341.36687294637289     
         476  -345.95139000265709     
         477  -359.14077207010615     
         478  -338.13307961038350     
         479  -338.61053923092959     
         480  -320.16820290900944     
         481  -327.18329259090677     
         482  -355.21806298531857     
         483  -334.55083891302019     
         484  -320.21914957821087     
         485  -337.88940475837694     
         486  -323.75923420568057     
         487  -337.58308874406754     
         488  -341.22281753275132     
         489  -338.97396217556934     
         490  -327.85459698268164     
         491  -331.09846229767027     
         492  -354.45960663905225     
         493  -301.80793817080473     
         494  -350.52123660489787     
         495  -334.09088523757509     
         496  -331.94505211555060     
         497  -318.37690848310194     
         498  -355.88881009188930     
         499  -336.48426045471535     
         500  -344.27985076394879     
         501  -319.53258033928864     
         502  -337.94664651759467     
         503  -351.25834918981468     
         504  -339.71665922770478     
         505  -330.78048448514420     
         506  -325.14357840767008     
         507  -315.25771108151105     
         508  -337.86523403543197     
         509  -344.67159326334598     
         510  -355.81501614616900     
         511  -311.16914107278149     
         512  -353.86127601119466     
         513  -334.40609401552507     
         514  -329.50885128741413     
         515  -333.78837392608688     
         516  -348.81083560954727     
         517  -350.24030621052754     
         518  -300.25251559516215     
         519  -327.69119144669992     
         520  -339.72755116008943     
         521  -330.67990165169090     
         522  -317.20240815793915     
         523  -331.83540302336047     
         524  -331.98433704974633     
         525  -376.72073638657724     
         526  -336.67066771167231     
         527  -333.76358414223108     
         528  -320.63343176927299     
         529  -305.75437372001949     
         530  -327.19914053309617     
         531  -300.78441191556357     
         532  -328.90111471647560     
         533  -383.08408814918778     
         534  -312.29327999068590     
         535  -326.20518755073994     
         536  -346.74055321444672     
         537  -343.63428967062202     
         538  -295.97161001612926     
         539  -333.63143281268287     
         540  -326.07928816842002     
         541  -338.14576822028255     
         542  -328.89908455967475     
         543  -319.20389777345696     
         544  -339.05217781743050     
         545  -322.74065986212207     
         546  -331.09999089481738     
         547  -318.71046919010627     
         548  -341.95022580674885     
         549  -318.31107516840098     
         550  -324.89832875918563     
         551  -341.81749240549993     
         552  -340.23829986951813     
         553  -344.56825749930169     
         554  -319.03270593978181     
         555  -315.11053010826123     
         556  -294.57749296685205     
         557  -300.75319403158687     
         558  -325.94390985830279     
         559  -341.11312539302401     
         560  -311.96563048044430     
         561  -337.20394695788929     
         562  -360.40452159256961     
         563  -321.20935524004796     
         564  -315.07729147836574     
         565  -327.64261065089778     
         566  -353.07878973655460     
         567  -338.53267015412194     
         568  -330.48853659870315     
         569  -317.31833120457026     
         570  -351.04825928832184     
         571  -328.32164655820822     
         572  -329.55007530714130     
         573  -324.63370592096294     
         574  -326.72479311144997     
         575  -332.70106423515256     
         576  -316.20586469768119     
         577  -329.63752112697154     
         578  -322.82734744349392     
         579  -336.35181435000715     
         580  -317.78019444523511     
         581  -325.21348649009059     
         582  -326.33570854994161     
         583  -321.46457634192848     
         584  -349.95577192421456     
         585  -322.92889799374279     
         586  -341.29794172513147     
         587  -326.16168936912339     
         588  -324.21107024005130     
         589  -318.45114709650210     
         590  -321.73917124750892     
         591  -339.10570805092743     
         592  -325.10641693047154     
         593  -314.98213074402076     
         594  -340.80251838159796     
         595  -347.22942702518139     
         596  -324.59677988394350     
         597  -321.13937865055777     
         598  -319.69374597540246     
         599  -339.50779400401370     
         600  -339.59622076361234     
         601  -329.67224340443568     
         602  -332.09610515797687     
         603  -316.22482498103903     
         604  -345.87994766913062     
         605  -333.47478088796134     
         606  -341.93089681833379     
         607  -349.65114306705948     
         608  -339.24755497825549     
         609  -336.94836525591796     
         610  -322.70719557969772     
         611  -323.94137284831947     
         612  -309.47613617743173     
         613  -333.50425304853133     
         614  -316.98868512900094     
         615  -356.37321720415224     
         616  -329.45039431748654     
         617  -339.55292484832762     
         618  -331.54973255698593     
         619  -366.56471857780605     
         620  -344.90355498629259     
         621  -342.55872049691709     
         622  -340.99728909593409     
         623  -308.47080019578516     
         624  -306.94151672884169     
         625  -329.71861634289445     
         626  -344.13515015875868     
         627  -328.02258174060626     
         628  -323.18755670167485     
         629  -319.53936011571085     
         630  -347.28254452843026     
         631  -337.75590915961783     
         632  -336.96503274685864     
         633  -314.87652420949792     
         634  -337.49620794329553     
         635  -338.90680748489785     
         636  -335.40358336974509     
         637  -338.54130873765877     
         638  -326.72817676181120     
         639  -340.16208506607677     
         640  -328.24864977583644     
         641  -317.17086357041683     
         642  -342.83533369255588     
         643  -327.32273984834222     
         644  -321.42199330141210     
         645  -332.62398943763083     
         646  -313.63545936751859     
         647  -338.06874708389660     
         648  -313.61468231589998     
         649  -336.77220607447032     
         650  -340.02889774225076     
         651  -336.37511604603196     
         652  -338.30925765007748     
         653  -327.67500080001321     
         654  -343.05306021619288     
         655  -325.86399565751708     
         656  -334.83544965075612     
         657  -320.86301480503840     
         658  -346.63417589141386     
         659  -337.36333837394284     
         660  -334.19716833771355     
         661  -320.12828606088988     
         662  -343.72818124165872     
         663  -340.02248166750002     
         664  -293.62983884758142     
         665  -347.21285231555322     
         666  -329.57159818345940     
         667  -349.57174481715936     
         668  -337.29748648046564     
         669  -320.09551801812211     
         670  -321.20041510284796     
         671  -323.95173006881652     
         672  -335.05736632992557     
         673  -345.29838561288818     
         674  -322.75730084772323     
         675  -339.26308374930380     
         676  -348.40280439035774     
         677  -332.36624177340741     
         678  -352.63714556480693     
         679  -320.91084845111124     
         680  -323.80832400727434     
         681  -334.20541520642740     
         682  -318.40128074846655     
         683  -335.64741597409352     
         684  -323.71168542071320     
         685  -312.44070640971051     
         686  -341.64622237090930     
         687  -334.65841557416593     
         688  -331.40508850886607     
         689  -339.34929511120407     
         690  -334.48261033020970     
         691  -323.40315509985328     
         692  -326.79138767124135     
         693  -350.44036513596353     
         694  -319.95246506601745     
         695  -360.83027299143805     
         696  -309.32955055927908     
         697  -345.48207689706135     
         698  -342.36250522176016     
         699  -331.90942569809556     
         700  -337.11355893149158     
         701  -332.93830086247027     
         702  -363.82880350859534     
         703  -334.50416667651513     
         704  -336.76161364611147     
         705  -347.83879008954273     
         706  -338.73459660134455     
         707  -338.92729964939122     
         708  -327.45892073353997     
         709  -327.57600016760239     
         710  -330.57653321360885     
         711  -319.16290418398881     
         712  -323.06902247029973     
         713  -306.83029869720514     
         714  -361.68648578204557     
         715  -343.16857352144223     
         716  -347.29318387878197     
         717  -325.45734351246591     
         718  -318.00491872457900     
         719  -337.68637327666210     
         720  -332.74366899753176     
         721  -331.27505213584112     
         722  -346.81836322799131     
         723  -345.18424617840930     
         724  -331.12503140575905     
         725  -329.61272837171981     
         726  -333.63156187086230     
         727  -321.61616837272027     
         728  -361.00739383956807     
         729  -337.69610458270557     
         730  -353.89899177954828     
         731  -333.52574570884383     
         732  -345.80720819636315     
         733  -350.95086733073128     
         734  -368.60900941792562     
         735  -324.00241777688063     
         736  -333.04506081219301     
         737  -329.40773097918276     
         738  -345.40861566610249     
         739  -353.43466668220731     
         740  -351.51017810960940     
         741  -325.37145466632228     
         742  -349.94874365981815     
         743  -331.37683158120672     
         744  -325.09725125119127     
         745  -340.34164417523021     
         746  -337.13190414842057     
         747  -329.47447730094615     
         748  -308.68421570416876     
         749  -340.04014326826024     
         750  -354.79544475064165     
         751  -336.32221178655891     
         752  -329.17210591694834     
         753  -310.26853042461283     
         754  -334.14900312448407     
         755  -328.16119558146841     
         756  -365.56678437813588     
         757  -337.36945574802934     
         758  -340.13268847340447     
         759  -339.29563138475595     
         760  -340.50719766185358     
         761  -286.38689170961550     
         762  -331.17591046507027     
         763  -319.14213270073208     
         764  -315.70432557974823     
         765  -337.84094580333317     
         766  -321.39843041892988     
         767  -344.10893407341149     
         768  -339.12003765852558     
         769  -357.60338810133891     
         770  -360.32049510160095     
         771  -352.38975914822748     
         772  -316.02173264616698     
         773  -317.72098847428015     
         774  -331.88900543774400     
         775  -326.28542010539388     
         776  -337.65127894365679     
         777  -351.48700090048828     
         778  -362.36971582087926     
         779  -333.59297024626431     
         780  -320.29949914169862     
         781  -318.95217207626047     
         782  -312.16311327823593     
         783  -315.68284197991471     
         784  -332.09131722431829     
         785  -333.88071424031904     
         786  -338.75362220769836     
         787  -335.10339321751763     
         788  -331.29843464695989     
         789  -331.12555147435893     
         790  -316.93676185636127     
         791  -322.30386535141685     
         792  -316.14523839987584     
         793  -337.54339954362581     
         794  -305.19607538398992     
         795  -354.01739310470157     
         796  -317.40243161046664     
         797  -358.41222673953376     
         798  -329.86606708416781     
         799  -298.93164838809946     
         800  -340.76837758582491     
         801  -330.73610302073104     
         802  -338.76366255014796     
         803  -306.40521464821916     
         804  -343.34972746141489     
         805  -346.53635009078459     
         806  -342.01276518583336     
         807  -342.38980814225147     
         808  -335.29337702838558     
         809  -323.64724390636894     
         810  -345.22933817205768     
         811  -326.64595257665962     
         812  -332.67527447550600     
         813  -339.30943694433927     
         814  -314.85569710457537     
         815  -339.14136252983934     
         816  -329.79163605467784     
         817  -339.49738568093136     
         818  -345.01916703368073     
         819  -304.53287153610256     
         820  -315.90083851242571     
         821  -343.18664482801455     
         822  -329.06864600145661     
         823  -319.64596939104854     
         824  -318.47528090379518     
         825  -326.99336460866340     
         826  -336.10008582561437     
         827  -329.68602388356902     
         828  -335.76428027611712     
         829  -339.04373888657091     
         830  -303.52895659144053     
         831  -352.40001135961705     
         832  -342.84430394045353     
         833  -329.68769455777874     
         834  -337.93243548653896     
         835  -327.97665872855379     
         836  -348.97839010714188     
         837  -334.89716656595778     
         838  -350.72763195735530     
         839  -323.35395586212223     
         840  -352.92208539308405     
         841  -313.02497999450770     
         842  -346.94952724403743     
         843  -335.33396479398954     
         844  -347.13912438938485     
         845  -324.66862355138318     
         846  -329.12466370817924     
         847  -361.06931131855328     
         848  -344.59928481537656     
         849  -339.66281247636942     
         850  -343.20949836226555     
         851  -308.92077115311332     
         852  -330.70439109370938     
         853  -341.82106534463617     
         854  -330.32184175491358     
         855  -346.34968809741002     
         856  -335.92968979830664     
         857  -361.01033886420714     
         858  -327.78552859283531     
         859  -356.61859475639250     
         860  -345.97354263425217     
         861  -317.97367211855493     
         862  -332.31448141871391     
         863  -350.56170692752698     
         864  -344.58480564995961     
         865  -375.90153369111965     
         866  -340.78144778630764     
         867  -332.05199692157669     
         868  -311.60530733893097     
         869  -323.41151455843760     
         870  -367.52129407063194     
         871  -350.07563733627973     
         872  -334.61376418720289     
         873  -326.21606066677322     
         874  -337.57114504633864     
         875  -342.70204501965600     
         876  -336.76283251570953     
         877  -318.38904558463003     
         878  -325.25058812615265     
         879  -303.65516118220955     
         880  -351.08411328401536     
         881  -309.69987798048646     
         882  -348.10599665436422     
         883  -339.76335227911119     
         884  -354.62436102780828     
         885  -323.91036335671708     
         886  -320.27911131573188     
         887  -323.71560402790567     
         888  -345.07164211434406     
         889  -334.91524519402503     
         890  -354.02587642222409     
         891  -325.38656210766982     
         892  -339.49308730113000     
         893  -324.45207978133828     
         894  -339.77993506742251     
         895  -330.42844244150336     
         896  -340.14632797553787     
         897  -319.26930449092191     
         898  -327.11501904081524     
         899  -347.69715641132524     
         900  -311.71174356911104     
         901  -334.63287403563305     
         902  -338.80658122483476     
         903  -334.38836831602936     
         904  -342.49219827199408     
         905  -330.17156828658398     
         906  -310.23183764478614     
         907  -344.65242535106404     
         908  -328.17646367393354     
         909  -339.05461275494889     
         910  -344.27749042777305     
         911  -339.93710788429286     
         912  -337.63413505705472     
         913  -335.99440616632671     
         914  -314.10212845634874     
         915  -336.68458455170645     
         916  -334.95298694221424     
         917  -347.53009960278251     
         918  -300.68246736094738     
         919  -324.05739449954945     
         920  -354.64337239017300     
         921  -337.35112900549933     
         922  -348.49206260056957     
         923  -327.75336299506012     
         924  -343.01954595318557     
         925  -324.64732632103636     
         926  -351.12855322390772     
         927  -330.39466479333356     
         928  -324.23478952796643     
         929  -333.95759515486390     
         930  -325.75057374993662     
         931  -341.74711024224911     
         932  -341.29922655359928     
         933  -343.95423224126051     
         934  -312.60107627446746     
         935  -350.08289764754807     
         936  -332.07411492662487     
         937  -308.90932612096611     
         938  -321.49458562715785     
         939  -315.22428421910809     
         940  -353.68137785683336     
         941  -339.75105484375450     
         942  -334.39233437139814     
         943  -354.22067730837222     
         944  -316.94105342606065     
         945  -333.07170370486244     
         946  -332.66329064509762     
         947  -301.87555826447027     
         948  -324.24721709113481     
         949  -323.57662223977110     
         950  -345.66476198999396     
         951  -320.55361366208587     
         952  -355.15637239962695     
         953  -320.84236983236968     
         954  -325.34401083288873     
         955  -311.51177534038686     
         956  -337.77092902454166     
         957  -334.43900942847324     
         958  -312.96381007077457     
         959  -319.96069816298808     
         960  -328.82249508336315     
         961  -325.38669305216456     
         962  -315.94856863230899     
         963  -328.63279791709374     
         964  -317.03258283296555     
         965  -326.58484958043005     
         966  -327.52539737727915     
         967  -330.79459885169246     
         968  -320.36941068305549     
         969  -346.78608403240321     
         970  -303.93261581194980     
         971  -321.51512908814374     
         972  -339.21595686562137     
         973  -346.07896157792004     
         974  -341.62157755202611     
         975  -343.21576954901491     
         976  -334.92191293925663     
         977  -362.17978990013063     
         978  -334.82117987462317     
         979  -321.11485469073881     
         980  -367.39766162528457     
         981  -306.46247316962177     
         982  -343.14595585204233     
         983  -319.55618396366521     
         984  -320.94821508981096     
         985  -320.71933407447949     
         986  -316.42767020195436     
         987  -323.23387279448428     
         988  -323.64087482917211     
         989  -336.69113907379358     
         990  -293.45514995600087     
         991  -316.73939522251237     
         992  -321.68348640324018     
         993  -340.08976574477737     
         994  -316.66572489888983     
         995  -348.96222222567877     
         996  -343.39339098177726     
         997  -312.55864896196067     
         998  -309.10898496341417     
         999   0.0000000000000000     
        1000   0.0000000000000000     
